0.000000000000000000e+00 -7.853981633974482790e-01 0.000000000000000000e+00 -2.356194490192344837e+00 0.000000000000000000e+00 1.570796326794896558e+00 7.853981633974482790e-01
3.422176624184667521e-05 -7.850421543690295767e-01 9.135666823038089798e-05 -2.356165346720486831e+00 6.314644541997185639e-05 1.571123321072253942e+00 7.854971164819861684e-01
6.843491733705141559e-05 -7.846862349639800449e-01 1.826903379080874168e-04 -2.356136210585341839e+00 1.262769940600006369e-04 1.571450233030550869e+00 7.855960446556140564e-01
1.026308403077894006e-04 -7.843304947831063467e-01 2.739780162702078626e-04 -2.356107089121776355e+00 1.893757531420726416e-04 1.571776980371449639e+00 7.856949230136935913e-01
1.368009265133239528e-04 -7.839750233820966807e-01 3.651967221318982017e-04 -2.356077989660963379e+00 2.524268378910253193e-04 1.572103480838054956e+00 7.857937266641266127e-01
1.709365738171859917e-04 -7.836199102489753709e-01 4.563234916717727008e-04 -2.356048919528535901e+00 3.154143755334545655e-04 1.572429652235620257e+00 7.858924307336226933e-01
2.050291887527155973e-04 -7.832652447815744434e-01 5.473353842129227926e-04 -2.356019886042744371e+00 3.783225092936005657e-04 1.572755412452240487e+00 7.859910103739601306e-01
2.390701886864215759e-04 -7.829111162650287392e-01 6.382094879981101707e-04 -2.355990896512613730e+00 4.411354023852060444e-04 1.573080679479523125e+00 7.860894407682414986e-01
2.730510039786133492e-04 -7.825576138492985612e-01 7.289229259576787082e-04 -2.355961958236103548e+00 5.038372419983429490e-04 1.573405371433233446e+00 7.861876971371416500e-01
3.069630801407620770e-04 -7.822048265267265155e-01 8.194528614687352419e-04 -2.355933078498269495e+00 5.664122432802024855e-04 1.573729406573908696e+00 7.862857547451450602e-01
3.407978799890471226e-04 -7.818528431096345432e-01 9.097765041041459572e-04 -2.355904264569431472e+00 6.288446533088472724e-04 1.574052703327434966e+00 7.863835889067732898e-01
3.745468857935468714e-04 -7.815017522079655832e-01 9.998711153699057358e-04 -2.355875523703342189e+00 6.911187550589256538e-04 1.574375180305583433e+00 7.864811749927993478e-01
4.082016014225313145e-04 -7.811516422069765264e-01 1.089714014429432349e-03 -2.355846863135360625e+00 7.532188713583483743e-04 1.574696756326499525e+00 7.865784884364479534e-01
4.417535544813176555e-04 -7.808026012449877928e-01 1.179282583813344486e-03 -2.355818290080631705e+00 8.151293688349328052e-04 1.575017350435139463e+00 7.866755047395801448e-01
4.751942984451510430e-04 -7.804547171911950798e-01 1.268554275113290084e-03 -2.355789811732269090e+00 8.768346618520213775e-04 1.575336881923650845e+00 7.867721994788602347e-01
5.085154147855710897e-04 -7.801080776235485015e-01 1.357506614658386982e-03 -2.355761435259544623e+00 9.383192164320810916e-04 1.575655270351690396e+00 7.868685483119048918e-01
5.417085150897323802e-04 -7.797627698067053359e-01 1.446117209172849850e-03 -2.355733167806083550e+00 9.995675541673008403e-04 1.575972435566673990e+00 7.869645269834105727e-01
5.747652431721413623e-04 -7.794188806700620420e-01 1.534363751413376576e-03 -2.355705016488066406e+00 1.060564256116196345e-03 1.576288297723954734e+00 7.870601113312599706e-01
6.076772771782827567e-04 -7.790764967858696544e-01 1.622224025784879241e-03 -2.355676988392436222e+00 1.121293966685247244e-03 1.576602777306923775e+00 7.871552772926048158e-01
6.404363316796007552e-04 -7.787357043474399942e-01 1.709675913933139365e-03 -2.355649090575117288e+00 1.181741397494585032e-03 1.576915795147027843e+00 7.872500009099231422e-01
6.730341597593118797e-04 -7.783965891474470267e-01 1.796697400312986196e-03 -2.355621330059234797e+00 1.241891331226761472e-03 1.577227272443699757e+00 7.873442583370507952e-01
7.054625550885219301e-04 -7.780592365563288038e-01 1.883266577730592509e-03 -2.355593713833351366e+00 1.301728625457625622e-03 1.577537130784195663e+00 7.874380258451846304e-01
7.377133539921260606e-04 -7.777237315007962115e-01 1.969361652858494464e-03 -2.355566248849703115e+00 1.361238216468350264e-03 1.577845292163335467e+00 7.875312798288559568e-01
7.697784375039692928e-04 -7.773901584424525169e-01 2.054960951721943214e-03 -2.355538942022453064e+00 1.420405123037641075e-03 1.578151679003139796e+00 7.876239968118731172e-01
8.016497334107536591e-04 -7.770586013565314865e-01 2.140042925155214142e-03 -2.355511800225949415e+00 1.479214450213178766e-03 1.578456214172360150e+00 7.877161534532313159e-01
8.333192182841741647e-04 -7.767291437107564089e-01 2.224586154226491138e-03 -2.355484830292993603e+00 1.537651393061344228e-03 1.578758821005896484e+00 7.878077265529890294e-01
8.647789195007746406e-04 -7.764018684443275697e-01 2.308569355629972852e-03 -2.355458039013122562e+00 1.595701240394281888e-03 1.579059423324096656e+00 7.878986930581080017e-01
8.960209172490121807e-04 -7.760768579470433970e-01 2.391971387043826357e-03 -2.355431433130897645e+00 1.653349378473361730e-03 1.579357945451934642e+00 7.879890300682572679e-01
9.270373465230283922e-04 -7.757541940385582757e-01 2.474771252452657045e-03 -2.355405019344206874e+00 1.710581294688110366e-03 1.579654312238061076e+00 7.880787148415773213e-01
9.578203991026213544e-04 -7.754339579477856903e-01 2.556948107433140802e-03 -2.355378804302580509e+00 1.767382581209682229e-03 1.579948449073722339e+00 7.881677248004063108e-01
9.883623255189243235e-04 -7.751162302924490266e-01 2.638481264401497470e-03 -2.355352794605515054e+00 1.823738938617954939e-03 1.580240281911543310e+00 7.882560375369629391e-01
1.018655437005292668e-03 -7.748010910587862510e-01 2.719350197821479836e-03 -2.355326996800811923e+00 1.879636179501330750e-03 1.580529737284167568e+00 7.883436308189882835e-01
1.048692107432909731e-03 -7.744886195814143504e-01 2.799534549371565824e-03 -2.355301417382931195e+00 1.935060232028341801e-03 1.580816742322753043e+00 7.884304825953417639e-01
1.078464775230623734e-03 -7.741788945233565311e-01 2.879014133070058497e-03 -2.355276062791354263e+00 1.989997143490157983e-03 1.581101224775316005e+00 7.885165710015533680e-01
1.107965945288533465e-03 -7.738719938562400591e-01 2.957768940356798448e-03 -2.355250939408964239e+00 2.044433083813107944e-03 1.581383113024920295e+00 7.886018743653270269e-01
1.137188190844842014e-03 -7.735679948406664064e-01 3.035779145130214005e-03 -2.355226053560437904e+00 2.098354349040325480e-03 1.581662336107706679e+00 7.886863712119971392e-01
1.166124155355503355e-03 -7.732669740067621422e-01 3.113025108738429886e-03 -2.355201411510654541e+00 2.151747364781646157e-03 1.581938823730757449e+00 7.887700402699344693e-01
1.194766554346194699e-03 -7.729690071349124558e-01 3.189487384923201784e-03 -2.355177019463118970e+00 2.204598689630890476e-03 1.582212506289791820e+00 7.888528604759010854e-01
1.223108177246142337e-03 -7.726741692366837500e-01 3.265146724715400559e-03 -2.355152883558397914e+00 2.256895018549663189e-03 1.582483314886689252e+00 7.889348109803531184e-01
1.251141889203344956e-03 -7.723825345359403016e-01 3.339984081280840834e-03 -2.355129009872576784e+00 2.308623186216826346e-03 1.582751181346833569e+00 7.890158711526892299e-01
1.278860632880734734e-03 -7.720941764501585425e-01 3.413980614715218451e-03 -2.355105404415728465e+00 2.359770170342799511e-03 1.583016038236276124e+00 7.890960205864445687e-01
1.306257430232824097e-03 -7.718091675719441769e-01 3.487117696786957641e-03 -2.355082073130399856e+00 2.410323094947850169e-03 1.583277818878711107e+00 7.891752391044277726e-01
1.333325384262390358e-03 -7.715275796507584660e-01 3.559376915626763591e-03 -2.355059021890117954e+00 2.460269233603552472e-03 1.583536457372262118e+00 7.892535067638006829e-01
1.360057680756759793e-03 -7.712494835748544553e-01 3.630740080362719439e-03 -2.355036256497908820e+00 2.509596012636600756e-03 1.583791888606071119e+00 7.893308038610984401e-01
1.386447590003246850e-03 -7.709749493534322484e-01 3.701189225699733770e-03 -2.355013782684838297e+00 2.558291014294159470e-03 1.584044048276691319e+00 7.894071109371902928e-01
1.412488468483326289e-03 -7.707040460990138842e-01 3.770706616442214519e-03 -2.354991606108568725e+00 2.606341979869971487e-03 1.584292872904274008e+00 7.894824087821777914e-01
1.438173760545100261e-03 -7.704368420100449200e-01 3.839274751958801375e-03 -2.354969732351934741e+00 2.653736812790415990e-03 1.584538299848549769e+00 7.895566784402313631e-01
1.463497000053650679e-03 -7.701734043537258323e-01 3.906876370588064674e-03 -2.354948166921536856e+00 2.700463581659762191e-03 1.584780267324597869e+00 7.896299012143614959e-01
1.488451812018853860e-03 -7.699137994490777848e-01 3.973494453984031081e-03 -2.354926915246357666e+00 2.746510523263829585e-03 1.585018714418400032e+00 7.897020586711265278e-01
1.513031914200249541e-03 -7.696580926502473163e-01 4.039112231400462244e-03 -2.354905982676392728e+00 2.791866045531317484e-03 1.585253581102175957e+00 7.897731326452724909e-01
1.537231118688562031e-03 -7.694063483300533912e-01 4.103713183912801807e-03 -2.354885374481304083e+00 2.836518730452044883e-03 1.585484808249493893e+00 7.898431052443066758e-01
1.561043333463472352e-03 -7.691586298637824726e-01 4.167281048576722616e-03 -2.354865095849094647e+00 2.880457336951373817e-03 1.585712337650155845e+00 7.899119588530012503e-01
1.584462563927253008e-03 -7.689149996132337295e-01 4.229799822522242389e-03 -2.354845151884802146e+00 2.923670803720091523e-03 1.585936112024852074e+00 7.899796761378286014e-01
1.607482914413874402e-03 -7.686755189110197062e-01 4.291253766982354445e-03 -2.354825547609212588e+00 2.966148251999032801e-03 1.586156075039580671e+00 7.900462400513242889e-01
1.630098589673209314e-03 -7.684402480451266726e-01 4.351627411255181224e-03 -2.354806287957597277e+00 3.007878988317753445e-03 1.586372171319828439e+00 7.901116338363791680e-01
1.652303896329953984e-03 -7.682092462437369873e-01 4.410905556598640129e-03 -2.354787377778471136e+00 3.048852507186550036e-03 1.586584346464513073e+00 7.901758410304575708e-01
1.674093244316905661e-03 -7.679825716603185803e-01 4.469073280056646766e-03 -2.354768821832370129e+00 3.089058493741163834e-03 1.586792547059675984e+00 7.902388454697415465e-01
1.695461148282232950e-03 -7.677602813589858854e-01 4.526115938215885884e-03 -2.354750624790654889e+00 3.128486826339491392e-03 1.586996720691931095e+00 7.903006312932007171e-01
1.716402228970382486e-03 -7.675424313001333321e-01 4.582019170892215852e-03 -2.354732791234332989e+00 3.167127579109653077e-03 1.587196815961658514e+00 7.903611829465841954e-01
1.736911214576279325e-03 -7.673290763263482805e-01 4.636768904745767333e-03 -2.354715325652906532e+00 3.204971024448781142e-03 1.587392782495943733e+00 7.904204851863372294e-01
1.756982942072473231e-03 -7.671202701486043996e-01 4.690351356823829754e-03 -2.354698232443243278e+00 3.242007635471888093e-03 1.587584570961259933e+00 7.904785230834380227e-01
1.776612358508906052e-03 -7.669160653327403709e-01 4.742753038030638260e-03 -2.354681515908466416e+00 3.278228088410211228e-03 1.587772133075886494e+00 7.905352820271562830e-01
1.795794522284963621e-03 -7.667165132862263643e-01 4.793960756523181661e-03 -2.354665180256874546e+00 3.313623264958422306e-03 1.587955421622064378e+00 7.905907477287316132e-01
1.814524604393495623e-03 -7.665216642452231666e-01 4.843961621032173530e-03 -2.354649229600880744e+00 3.348184254570108626e-03 1.588134390457881961e+00 7.906449062249701898e-01
1.832797889636496357e-03 -7.663315672619347430e-01 4.892743044107367677e-03 -2.354633667955976950e+00 3.381902356700960000e-03 1.588308994528891960e+00 7.906977438817602843e-01
1.850609777812125493e-03 -7.661462701922600038e-01 4.940292745286374056e-03 -2.354618499239724549e+00 3.414769082999080056e-03 1.588479189879453468e+00 7.907492473975041847e-01
1.867955784872789727e-03 -7.659658196837454414e-01 4.986598754186206614e-03 -2.354603727270766278e+00 3.446776159441887564e-03 1.588644933663796666e+00 7.907994038064672937e-01
1.884831544053972453e-03 -7.657902611638414125e-01 5.031649413516754710e-03 -2.354589355767866543e+00 3.477915528419051831e-03 1.588806184156810852e+00 7.908482004820419631e-01
1.901232806973547759e-03 -7.656196388284665089e-01 5.075433382015455581e-03 -2.354575388348973952e+00 3.508179350760960800e-03 1.588962900764546271e+00 7.908956251399260617e-01
1.917155444701285376e-03 -7.654539956308812343e-01 5.117939637302382043e-03 -2.354561828530312262e+00 3.537560007712181511e-03 1.589115044034435043e+00 7.909416658412155021e-01
1.932595448798287438e-03 -7.652933732708748771e-01 5.159157478655080134e-03 -2.354548679725493088e+00 3.566050102849447571e-03 1.589262575665222776e+00 7.909863109954100580e-01
1.947548932326092315e-03 -7.651378121842673519e-01 5.199076529702411666e-03 -2.354535945244657036e+00 3.593642463943666227e-03 1.589405458516610192e+00 7.910295493633306974e-01
1.962012130825188747e-03 -7.649873515327305640e-01 5.237686741036752004e-03 -2.354523628293642812e+00 3.620330144765488388e-03 1.589543656618603640e+00 7.910713700599497633e-01
1.975981403262700928e-03 -7.648420291939287408e-01 5.274978392743876962e-03 -2.354511731973175426e+00 3.646106426833987078e-03 1.589677135180570078e+00 7.911117625571304490e-01
1.989453232948995998e-03 -7.647018817519836142e-01 5.310942096849895211e-03 -2.354500259278091256e+00 3.670964821107996351e-03 1.589805860599995402e+00 7.911507166862775664e-01
2.002424228422994973e-03 -7.645669444882641219e-01 5.345568799684620800e-03 -2.354489213096579547e+00 3.694899069619693444e-03 1.589929800470943455e+00 7.911882226408974983e-01
2.014891124305952675e-03 -7.644372513725049556e-01 5.378849784160792506e-03 -2.354478596209456764e+00 3.717903147050010890e-03 1.590048923592214392e+00 7.912242709790665574e-01
2.026850782123500692e-03 -7.643128350542542915e-01 5.410776671968545865e-03 -2.354468411289468488e+00 3.739971262245475690e-03 1.590163199975199948e+00 7.912588526258086397e-01
2.038300191095740628e-03 -7.641937268546550310e-01 5.441341425684613139e-03 -2.354458660900613065e+00 3.761097859676101711e-03 1.590272600851431406e+00 7.912919588753788425e-01
2.049236468895192492e-03 -7.640799567585593310e-01 5.470536350795698714e-03 -2.354449347497499012e+00 3.781277620833965823e-03 1.590377098679823353e+00 7.913235813934561547e-01
2.059656862372403942e-03 -7.639715534069805303e-01 5.498354097635532040e-03 -2.354440473424725955e+00 3.800505465572112142e-03 1.590476667153606360e+00 7.913537122192405571e-01
2.069558748249043442e-03 -7.638685440898826950e-01 5.524787663235108948e-03 -2.354432040916294433e+00 3.818776553383454366e-03 1.590571281206949683e+00 7.913823437674578631e-01
2.078939633778294303e-03 -7.637709547393104481e-01 5.549830393085651223e-03 -2.354424052095042352e+00 3.836086284619345289e-03 1.590660917021271326e+00 7.914094688302689695e-01
2.087797157372390904e-03 -7.636788099228610793e-01 5.573475982813838603e-03 -2.354416508972113853e+00 3.852430301647513829e-03 1.590745552031234133e+00 7.914350805790842935e-01
2.096129089197136617e-03 -7.635921328374991601e-01 5.595718479768910757e-03 -2.354409413446449495e+00 3.867804489949076829e-03 1.590825164930427471e+00 7.914591725662830646e-01
2.103933331733251651e-03 -7.635109453037175475e-01 5.616552284521203822e-03 -2.354402767304309307e+00 3.882204979154347223e-03 1.590899735676729154e+00 7.914817387268362481e-01
2.111207920304412032e-03 -7.634352677600437787e-01 5.635972152271787571e-03 -2.354396572218824701e+00 3.895628144017177462e-03 1.590969245497352968e+00 7.915027733798338794e-01
2.117951023571848328e-03 -7.633651192578945199e-01 5.653973194172806811e-03 -2.354390829749575254e+00 3.908070605327596675e-03 1.591033676893573112e+00 7.915222712299142538e-01
2.124160943995373127e-03 -7.633005174567801809e-01 5.670550878558228668e-03 -2.354385541342196575e+00 3.919529230762510384e-03 1.591093013645130227e+00 7.915402273685979706e-01
2.129836118260729303e-03 -7.632414786198588041e-01 5.685701032084663521e-03 -2.354380708328017047e+00 3.930001135674241614e-03 1.591147240814314356e+00 7.915566372755232782e-01
2.134975117673144126e-03 -7.631880176098416735e-01 5.699419840781977734e-03 -2.354376331923722532e+00 3.939483683816731238e-03 1.591196344749725711e+00 7.915714968195837198e-01
2.139576648516998154e-03 -7.631401478852523068e-01 5.711703851013448345e-03 -2.354372413231048622e+00 3.947974488009193747e-03 1.591240313089711256e+00 7.915848022599685230e-01
2.143639552381509158e-03 -7.630978814970378332e-01 5.722549970345191736e-03 -2.354368953236506190e+00 3.955471410737080966e-03 1.591279134765476222e+00 7.915965502471044024e-01
2.147162806452356919e-03 -7.630612290855354196e-01 5.731955468324666757e-03 -2.354365952811129592e+00 3.961972564690188076e-03 1.591312800003871653e+00 7.916067378234982188e-01
2.150145523769170838e-03 -7.630301998777937467e-01 5.739917977168057170e-03 -2.354363412710259951e+00 3.967476313237773555e-03 1.591341300329853548e+00 7.916153624244821607e-01
2.152586953448816162e-03 -7.630048016852498671e-01 5.746435492356342586e-03 -2.354361333573354642e+00 3.971981270840573355e-03 1.591364628568617601e+00 7.916224218788591172e-01
2.154486480874427679e-03 -7.629850409017628898e-01 5.751506373139927790e-03 -2.354359715923824758e+00 3.975486303399600879e-03 1.591382778847404200e+00 7.916279144094492404e-01
2.155843627850134465e-03 -7.629709225020043784e-01 5.755129342951693407e-03 -2.354358560168904990e+00 3.977990528541655579e-03 1.591395746596977689e+00 7.916318386335371438e-01
2.156658052721443196e-03 -7.629624500402061305e-01 5.757303489728364705e-03 -2.354357866599550597e+00 3.979493315841449962e-03 1.591403528552776780e+00 7.916341935632205118e-01
2.156929550461247468e-03 -7.629596256492648942e-01 5.758028266140116994e-03 -2.354357635390364134e+00 3.979994286980315966e-03 1.591406122755735231e+00 7.916349786056583460e-01
2.156929550461247468e-03 -7.629596256492648942e-01 5.758028266140116994e-03 -2.354357635390364134e+00 3.979994286980315966e-03 1.591406122755735231e+00 7.916349786056583460e-01
4.252499903489042124e-03 -7.400769943888393376e-01 1.146746196610958293e-02 -2.351775404035101324e+00 7.739409895856222583e-03 1.611729922145335170e+00 7.978018960391860537e-01
6.281754718975126467e-03 -7.167732593329899649e-01 1.712704155274401979e-02 -2.348448836486378255e+00 1.127231585854982301e-02 1.631744357181250216e+00 8.039064356693466085e-01
8.240688260063874435e-03 -6.930716048074958557e-01 2.273552551168898234e-02 -2.344379497151070968e+00 1.457240038326218512e-02 1.651426400436677877e+00 8.099564685510831641e-01
1.012627331484886387e-02 -6.689952392627884770e-01 2.829162869503852595e-02 -2.339569459998469103e+00 1.763299486925859819e-02 1.670753501198790181e+00 8.159601789345932721e-01
1.193649590726826408e-02 -6.445672244400947326e-01 3.379396181548148526e-02 -2.334021263426758530e+00 2.044711324813675360e-02 1.689703695485962331e+00 8.219260133078319930e-01
1.367038877335730040e-02 -6.198103093518908535e-01 3.924096774906909307e-02 -2.327737857668692900e+00 2.300750095325521452e-02 1.708255703899451916e+00 8.278626206456122238e-01
1.532806374704144027e-02 -5.947467714326171162e-01 4.463085509905469900e-02 -2.320722545293194994e+00 2.530669422018416020e-02 1.726389015918052605e+00 8.337787836859724688e-01
1.691074305050329837e-02 -5.693982669808052011e-01 4.996152949661272075e-02 -2.312978915403638869e+00 2.733709073662714609e-02 1.744083959555570829e+00 8.396833409094832668e-01
1.842078913468774004e-02 -5.437856927554454156e-01 5.523052342242145557e-02 -2.304510772170888622e+00 2.909103247809104523e-02 1.761321755673382450e+00 8.455850989676311213e-01
1.986173241740361861e-02 -5.179290602909794039e-01 6.043492552311195004e-02 -2.295322058347956773e+00 3.056090172357171786e-02 1.778084556602559818e+00 8.514927352518266712e-01
2.123829585227675343e-02 -4.918473841808003177e-01 6.557131074665439874e-02 -2.285416774407657226e+00 3.173923113430342224e-02 1.794355469111098111e+00 8.574146903893772320e-01
2.255641482584658936e-02 -4.655585852463305918e-01 7.063567298882764134e-02 -2.274798893918785314e+00 3.261882865968812606e-02 1.810118562121321606e+00 8.633590505898204315e-01
2.382325043377111692e-02 -4.390794091637354457e-01 7.562336232460223351e-02 -2.263472275734435879e+00 3.319291787993448872e-02 1.825358859938004397e+00 8.693334199454211264e-01
2.504719370187274280e-02 -4.124253607662254906e-01 8.052902935541222940e-02 -2.251440573508152632e+00 3.345529399672950849e-02 1.840062322080069146e+00 8.753447831381121480e-01
2.623785788012535439e-02 -3.856106538735547540e-01 8.534657961983627139e-02 -2.238707142980307374e+00 3.340049522512635732e-02 1.854215811104885647e+00 8.813993594144684529e-01
2.740605554026509169e-02 -3.586481761205189689e-01 9.006914143087858815e-02 -2.225274947387140045e+00 3.302398862776249888e-02 1.867807050063858831e+00 8.875024492690180011e-01
2.856375693174000724e-02 -3.315494678587355137e-01 9.468905081987549766e-02 -2.211146461237987193e+00 3.232236858780399708e-02 1.880824571419491109e+00 8.936582759455284908e-01
2.972402592159754248e-02 -3.043247137871104013e-01 9.919785748443718520e-02 -2.196323572576483141e+00 3.129356499992048957e-02 1.893257659369184331e+00 8.998698246993257488e-01
3.090092995431690734e-02 -2.769827455249455062e-01 1.035863556462281732e-01 -2.180807483686124204e+00 2.993705701319487184e-02 1.905096287546165001e+00 9.061386836594450545e-01
3.210942086372224613e-02 -2.495310528796055860e-01 1.078446434921780939e-01 -2.164598610010349589e+00 2.825408672999204021e-02 1.916331053981482180e+00 9.124648911023531817e-01
2.793618944157847533e-02 -2.515400932950039303e-01 1.072860041330232078e-01 -2.169438606719457319e+00 3.491871204081185148e-02 1.919280078887708241e+00 9.394282491461287687e-01
2.374557273355193399e-02 -2.535612968320516969e-01 1.067397226824207263e-01 -2.174326249158716973e+00 4.159506560818900661e-02 1.922400514564890361e+00 9.663442815049110290e-01
1.953744904629449788e-02 -2.555939854686889445e-01 1.062073549816270057e-01 -2.179260559326396507e+00 4.828025612921229420e-02 1.925691410691384053e+00 9.932140447050127330e-01
1.531168645435355621e-02 -2.576374270657570964e-01 1.056904625246239682e-01 -2.184240480537265050e+00 5.497144077757108727e-02 1.929151716967189678e+00 1.020038624743863309e+00
1.106814190354481024e-02 -2.596908373991668184e-01 1.051906112711709640e-01 -2.189264879981239087e+00 6.166582432777909656e-02 1.932780284903822698e+00 1.046819139416682365e+00
6.806660502243884470e-03 -2.617533813345297999e-01 1.047093703711698826e-01 -2.194332551119593688e+00 6.836065903859753212e-02 1.936575870334660276e+00 1.073556739985398023e+00
2.527074814980475280e-03 -2.638241740189740114e-01 1.042483109248967948e-01 -2.199442216083449253e+00 7.505324438481435212e-02 1.940537135716940975e+00 1.100252612805684871e+00
-1.770795833503945472e-03 -2.659022821577911588e-01 1.038090047746007688e-01 -2.204592528192119261e+00 8.174092664032504840e-02 1.944662652518281520e+00 1.126907980839327417e+00
-6.087146052570354196e-03 -2.679867253106983926e-01 1.033930233317888331e-01 -2.209782074471910551e+00 8.842109831430335076e-02 1.948950903413680269e+00 1.153524105118874044e+00
-1.042218507376920129e-02 -2.700764772548921444e-01 1.030019364388088526e-01 -2.215009378256163508e+00 9.509119743787383672e-02 1.953400284498572725e+00 1.180102286114707244e+00
-1.477613743781705687e-02 -2.721704673835394495e-01 1.026373112663800935e-01 -2.220272901807120558e+00 1.017487067056724870e-01 1.958009107386804226e+00 1.206643865037167362e+00
-1.914924368019678413e-02 -2.742675821590083718e-01 1.023007112483380610e-01 -2.225571048990472534e+00 1.083911524677630550e-01 1.962775601279685755e+00 1.233150225054271187e+00
-2.354176101940666163e-02 -2.763666666006698858e-01 1.019936950536686343e-01 -2.230902167962819149e+00 1.150161035798588222e-01 1.967697914920915947e+00 1.259622792446903894e+00
-2.795396404979576602e-02 -2.784665258033630630e-01 1.017178155944413187e-01 -2.236264553861093241e+00 1.216211701211271368e-01 1.972774118420344003e+00 1.286063037706692613e+00
-3.238614543841158294e-02 -2.805659265326027607e-01 1.014746190774366286e-01 -2.241656451572642705e+00 1.282040019502769801e-01 1.978002205151270010e+00 1.312472476531604260e+00
-3.683861663373170364e-02 -2.826635988277720890e-01 1.012656440919492556e-01 -2.247076058458817194e+00 1.347622871435920910e-01 1.983380093419105261e+00 1.338852670791726984e+00
-4.131170858554483738e-02 -2.847582376528197123e-01 1.010924207380954898e-01 -2.252521527098751974e+00 1.412937502981108373e-01 1.988905628074067788e+00 1.365205229427196798e+00
-4.580577247935620905e-02 -2.868485046020271545e-01 1.009564698002479305e-01 -2.257990968063014137e+00 1.477961506903733568e-01 1.994576582102759899e+00 1.391531809274027420e+00
-5.032118048967583468e-02 -2.889330296233250106e-01 1.008593019575594468e-01 -2.263482452645565246e+00 1.542672803304093176e-01 2.000390658028627477e+00 1.417834115858096489e+00
-5.485832655382020390e-02 -2.910104128056618666e-01 1.008024170440428580e-01 -2.268994015633691852e+00 1.607049618692139303e-01 2.006345489329321996e+00 1.444113904114602498e+00
-5.941762717021329548e-02 -2.930792261825798106e-01 1.007873033455523870e-01 -2.274523658025673800e+00 1.671070464169314429e-01 2.012438641651654869e+00 1.470372979082910980e+00
-6.399952222409151237e-02 -2.951380156033649449e-01 1.008154369508835468e-01 -2.280069349784925148e+00 1.734714112153342425e-01 2.018667614056420145e+00 1.496613196530758305e+00
-6.860447584321840986e-02 -2.971853026204743231e-01 1.008882811399392787e-01 -2.285629032534034710e+00 1.797959572370176062e-01 2.025029840054454411e+00 1.522836463559739117e+00
-7.323297728757351133e-02 -2.992195864415411188e-01 1.010072858279997543e-01 -2.291200622272281162e+00 1.860786066509695635e-01 2.031522688654132214e+00 1.549044739150144734e+00
-7.788554187435835219e-02 -3.012393459067961299e-01 1.011738870506314197e-01 -2.296782012041977072e+00 1.923173002202233639e-01 2.038143465234757201e+00 1.575240034684066703e+00
-8.256271194316741613e-02 -3.032430415276270996e-01 1.013895065066104939e-01 -2.302371074604920853e+00 1.985099945802895061e-01 2.044889412410363594e+00 1.601424414417874864e+00
-8.726505786158922362e-02 -3.052291175572799942e-01 1.016555511452311572e-01 -2.307965665072828187e+00 2.046546594569872146e-01 2.051757710743553620e+00 1.627599995931956922e+00
-9.199317907455480114e-02 -3.071960041120395113e-01 1.019734128073770257e-01 -2.313563623521813994e+00 2.107492748015206141e-01 2.058745479392593225e+00 1.653768950543680338e+00
-9.674770519996224449e-02 -3.091421193428255942e-01 1.023444679222132170e-01 -2.319162777587801205e+00 2.167918278485339856e-01 2.065849776689364869e+00 1.679933503686262375e+00
-1.015292971747733530e-01 -3.110658716637152432e-01 1.027700772671488738e-01 -2.324760945052023242e+00 2.227803100843002426e-01 2.073067600679131761e+00 1.706095935252184947e+00
-1.063386484395889703e-01 -3.129656619907619231e-01 1.032515857510699769e-01 -2.330355936328292188e+00 2.287127142685664027e-01 2.080395889385966868e+00 1.732258579929775610e+00
-1.111764861894655176e-01 -3.148398860931332366e-01 1.037903223072550729e-01 -2.335945557037029108e+00 2.345870312372202449e-01 2.087831521311839467e+00 1.758423827470446232e+00
-1.160435726586708099e-01 -3.166869369355380104e-01 1.043875997937345063e-01 -2.341527610441611174e+00 2.404012468364492006e-01 2.095371315563105963e+00 1.784594122959615614e+00
-1.209407064687890998e-01 -3.185052071136580398e-01 1.050447149917025230e-01 -2.347099899932256761e+00 2.461533387028785880e-01 2.103012032115635588e+00 1.810771967032178242e+00
-1.258687240159497012e-01 -3.202930913127725598e-01 1.057629486356330001e-01 -2.352660231427414317e+00 2.518412731202936405e-01 2.110750371865364183e+00 1.836959916065753484e+00
-1.308285009166657853e-01 -3.220489888408857859e-01 1.065435655303900858e-01 -2.358206415786212595e+00 2.574630017868680398e-01 2.118582976730393419e+00 1.863160582328873494e+00
-1.358209534947227570e-01 -3.237713061996168040e-01 1.073878147154294083e-01 -2.363736271163383584e+00 2.630164586359177159e-01 2.126506429618427063e+00 1.889376634094000140e+00
-1.408470403124264803e-01 -3.254584597086246922e-01 1.082969296928701086e-01 -2.369247625335455965e+00 2.684995566690501767e-01 2.134517254345793535e+00 1.915610795703956315e+00
-1.459077637500366675e-01 -3.271088781892523278e-01 1.092721287329948138e-01 -2.374738318008888793e+00 2.739101847730580075e-01 2.142611915547653734e+00 1.941865847591974337e+00
-1.510041716132687617e-01 -3.287210056860124241e-01 1.103146152240541272e-01 -2.380206203071165483e+00 2.792462046392324426e-01 2.150786818472935735e+00 1.968144626245135864e+00
-1.561373587802399876e-01 -3.302933042458440216e-01 1.114255781000214190e-01 -2.385649150822862996e+00 2.845054476917418529e-01 2.159038308783598037e+00 1.994450024109136521e+00
-1.613084688770357322e-01 -3.318242567440148338e-01 1.126061923335705123e-01 -2.391065050171673256e+00 2.896857120792870610e-01 2.167362672313135175e+00 2.020784989428995093e+00
-1.665186959672110278e-01 -3.333123697496145343e-01 1.138576194798552044e-01 -2.396451810777636471e+00 2.947847597878538450e-01 2.175756134761120730e+00 2.047152526009420548e+00
-1.717692862635862294e-01 -3.347561764402116058e-01 1.151810082980877087e-01 -2.401807365169927877e+00 2.998003138024112890e-01 2.184214861398203311e+00 2.073555692900028724e+00
-1.770615398247621375e-01 -3.361542395449419462e-01 1.165774954010550535e-01 -2.407129670800948418e+00 3.047300554849705634e-01 2.192734956687020897e+00 2.099997603964847581e+00
-1.823968122835518402e-01 -3.375051543426814682e-01 1.180482060222242391e-01 -2.412416712089645365e+00 3.095716219009647108e-01 2.201312464000398261e+00 2.126481427391171852e+00
-1.877765165104065548e-01 -3.388075516677192534e-01 1.195942547604750272e-01 -2.417666502373426507e+00 3.143226035396574636e-01 2.209943365192851061e+00 2.153010385023357287e+00
-1.932021242970470565e-01 -3.400601009636736727e-01 1.212167464514095766e-01 -2.422877085846445233e+00 3.189805419742653414e-01 2.218623580297159670e+00 2.179587751629239012e+00
-1.986751679525318171e-01 -3.412615133411786572e-01 1.229167770171062796e-01 -2.428046539412143989e+00 3.235429279295292115e-01 2.227348967126738799e+00 2.206216853961607161e+00
-2.041972418670775780e-01 -3.424105446609450043e-01 1.246954343952586669e-01 -2.433172974494552054e+00 3.280071994493605758e-01 2.236115320954679575e+00 2.232901069692740492e+00
-2.097700040133761712e-01 -3.435059986251094988e-01 1.265537995160775087e-01 -2.438254538784632608e+00 3.323707402678370837e-01 2.244918374217637069e+00 2.259643826192951899e+00
-2.153951773101988043e-01 -3.445467298602871709e-01 1.284929472450709598e-01 -2.443289417904932037e+00 3.366308786378804374e-01 2.253753796203455728e+00 2.286448599040655782e+00
-2.210745509319099189e-01 -3.455316470035613152e-01 1.305139474201156280e-01 -2.448275837015559286e+00 3.407848862216651953e-01 2.262617192843852987e+00 2.313318910409958296e+00
-2.268099814398159830e-01 -3.464597157631598145e-01 1.326178658366927166e-01 -2.453212062328571808e+00 3.448299774907525039e-01 2.271504106514814936e+00 2.340258327149021600e+00
-2.326033937674464314e-01 -3.473299619550244133e-01 1.348057652440806942e-01 -2.458096402541483094e+00 3.487633094364482322e-01 2.280410015920904865e+00 2.367270458614154194e+00
-2.384567820511435399e-01 -3.481414745027302526e-01 1.370787063554505525e-01 -2.462927210177420445e+00 3.525819815733065576e-01 2.289330336059884896e+00 2.394358954268673401e+00
-2.443722102072509450e-01 -3.488934083843788225e-01 1.394377487721446263e-01 -2.467702882825076660e+00 3.562830365293664925e-01 2.298260418264686855e+00 2.421527500892459717e+00
-2.503518123096653558e-01 -3.495849875197007406e-01 1.418839519038034847e-01 -2.472421864272461356e+00 3.598634609563129416e-01 2.307195550357406866e+00 2.448779819522129308e+00
-2.563977926885536718e-01 -3.502155075799968098e-01 1.444183758076534596e-01 -2.477082645525311211e+00 3.633201869744832058e-01 2.316130956913274197e+00 2.476119662007930877e+00
-2.625124257268506844e-01 -3.507843387076846065e-01 1.470420819385201971e-01 -2.481683765703841971e+00 3.666500941532561675e-01 2.325061799655825823e+00 2.503550807173668957e+00
-2.686980553272602656e-01 -3.512909281301157538e-01 1.497561337952571514e-01 -2.486223812808820099e+00 3.698500120405931457e-01 2.333983177996346914e+00 2.531077056563076244e+00
-2.749570939975816697e-01 -3.517348026515523807e-01 1.525615974229654337e-01 -2.490701424351951410e+00 3.729167233303490314e-01 2.342890129740850647e+00 2.558702229711465215e+00
-2.812920215423110881e-01 -3.521155710058008204e-01 1.554595417722560713e-01 -2.495115287837331497e+00 3.758469676226282585e-01 2.351777631968896554e+00 2.586430158961285031e+00
-2.877053833081620327e-01 -3.524329260512526485e-01 1.584510388734307051e-01 -2.499464141087186508e+00 3.786374458587590253e-01 2.360640602102890728e+00 2.614264683766735597e+00
-2.941997879308912989e-01 -3.526866467899372193e-01 1.615371637847937969e-01 -2.503746772407356769e+00 3.812848255016320631e-01 2.369473899195216227e+00 2.642209644433940685e+00
-3.007779045473964463e-01 -3.528766001908318906e-01 1.647189942906593096e-01 -2.507962020583877294e+00 3.837857464757716275e-01 2.378272325449877211e+00 2.670268875278679843e+00
-3.331843399081080848e-01 -3.544077920058071873e-01 1.927787638013228333e-01 -2.511224556109014738e+00 3.984716404000291368e-01 2.383769299624603377e+00 2.689499999999999780e+00
-4.205041406358723810e-01 -3.604959887063853285e-01 2.736011091160713282e-01 -2.512314357654464647e+00 4.398289382573522532e-01 2.381358433522143159e+00 2.689499999999999780e+00
-5.064415878413456307e-01 -3.689815891079961663e-01 3.528639408390053522e-01 -2.513032201362285889e+00 4.814319733374106125e-01 2.377571741731896893e+00 2.689499892076050891e+00
-5.904025305880200580e-01 -3.799184329573094820e-01 4.299068291753305182e-01 -2.513381171078069798e+00 5.233055015056575776e-01 2.372321294078987286e+00 2.689499747722094991e+00
-6.719054687004493154e-01 -3.933625229422356706e-01 5.041757388358826253e-01 -2.513363893241743252e+00 5.654801255769752455e-01 2.365500988927986104e+00 2.689499648425935696e+00
-7.505963158848150130e-01 -4.093803240029386115e-01 5.752364711500514982e-01 -2.512983445420912343e+00 6.079935104086738873e-01 2.356983203785704362e+00 2.689499596689896244e+00
-8.262508042757422677e-01 -4.280575981381386508e-01 6.427749475821239455e-01 -2.512243347677245886e+00 6.508921965959376665e-01 2.346614184885740251e+00 2.689499589934438273e+00
-8.987673379002470986e-01 -4.495094502618608989e-01 7.065872395037838816e-01 -2.511147552096149482e+00 6.942339904482270896e-01 2.334207985017253240e+00 2.689499622624622610e+00
-9.681540093485527798e-01 -4.738918693610733590e-01 7.665627523244258335e-01 -2.509700430378389857e+00 7.380911811996578864e-01 2.319538364775798112e+00 2.689499688512267284e+00
-1.034513538135311439e+00 -5.014155209930200030e-01 8.226638491548843302e-01 -2.507906759559563881e+00 7.825549730981895546e-01 2.302327767644821943e+00 2.689499782597873700e+00
-1.098029402293719148e+00 -5.323631968022916050e-01 8.749044303019573032e-01 -2.505771706105925922e+00 8.277417508933263557e-01 2.282231973370892231e+00 2.689499902782138019e+00
-1.158955869688450102e+00 -5.671133077760747154e-01 9.233289249223547435e-01 -2.503300808822845447e+00 8.738022029887912989e-01 2.258818160019514742e+00 2.689499999999999780e+00
-1.217614410936638691e+00 -6.061734675363273928e-01 9.679920164578645903e-01 -2.500499961240123081e+00 9.209350730377604544e-01 2.231532522868120427e+00 2.689499999999999780e+00
-1.274399538895282458e+00 -6.502313114287273654e-01 1.008938217983504249e+00 -2.497375394593428943e+00 9.694087618062042777e-01 2.199650570935578475e+00 2.689499999999999780e+00
-1.329799228828438817e+00 -7.002360059121943703e-01 1.046178848205484790e+00 -2.493933663560040426e+00 1.019597016893369679e+00 2.162197026218793283e+00 2.689499999999999780e+00
-1.384440585586339534e+00 -7.575379377154422000e-01 1.079661176023212654e+00 -2.490181639843422889e+00 1.072041759562303076e+00 2.117808468198385086e+00 2.689499999999999780e+00
-1.439203837800621555e+00 -8.241566150851341588e-01 1.109224189708935659e+00 -2.486122737602473709e+00 1.127576537994831929e+00 2.064466885979500343e+00 2.689499999999999780e+00
-1.495374326631364825e+00 -9.033030537848604213e-01 1.134473580689552508e+00 -2.481770748231961310e+00 1.187575305200178954e+00 1.998997829789651348e+00 2.689499999999999780e+00
-1.504412740528261461e+00 -8.858610862717326562e-01 1.138113247247293458e+00 -2.471437656702536678e+00 1.184276818066449133e+00 1.997750417187715177e+00 2.655998624111009843e+00
-1.513619047690752284e+00 -8.684185491274564184e-01 1.142019775205343590e+00 -2.460938242241557106e+00 1.180403713387184972e+00 1.996204447309421370e+00 2.622880446954333422e+00
-1.523005142403098588e+00 -8.509756692173516823e-01 1.146212591585471063e+00 -2.450273007314053508e+00 1.175955595544996957e+00 1.994376874875923855e+00 2.590153930163301865e+00
-1.532583965004233439e+00 -8.335322833401616061e-01 1.150712079179342817e+00 -2.439442322229555149e+00 1.170932674284748565e+00 1.992284516079931622e+00 2.557826641529118206e+00
-1.542369611114567718e+00 -8.160878852466261213e-01 1.155539684299358383e+00 -2.428446464379165004e+00 1.165335674373326080e+00 1.989943985522246939e+00 2.525905331953525401e+00
-1.552377462697337229e+00 -7.986416476106448226e-01 1.160718050711595506e+00 -2.417285635581486236e+00 1.159165757703328303e+00 1.987371627057531676e+00 2.494395992989624666e+00
-1.562624343854721154e+00 -7.811924487442034604e-01 1.166271178171109035e+00 -2.405959978403288346e+00 1.152424447104408722e+00 1.984583445736171736e+00 2.463303916328228649e+00
-1.573128706229457219e+00 -7.637389061247933375e-01 1.172224609759570990e+00 -2.394469591003970166e+00 1.145113554115858134e+00 1.981595039342101128e+00 2.432633753508741670e+00
-1.583910850038579232e+00 -7.462794195725370727e-01 1.178605653105487816e+00 -2.382814539956767508e+00 1.137235113219166038e+00 1.978421527370689992e+00 2.402389573996617234e+00
-1.594993188103411619e+00 -7.288122279146830307e-01 1.185443641604755793e+00 -2.370994870470093385e+00 1.128791325843608195e+00 1.975077474724193261e+00 2.372574919315363129e+00
-1.606400561966649487e+00 -7.113354843727217602e-01 1.192770243024912968e+00 -2.359010613319963756e+00 1.119784518423393216e+00 1.971576806517540081e+00 2.343192850355010126e+00
-1.618160621363413432e+00 -6.938473578642768702e-01 1.200619824395010138e+00 -2.346861787620523998e+00 1.110217120153447867e+00 1.967932709165691518e+00 2.314245984163011194e+00
-1.630207600638500010e+00 -6.755286385297382123e-01 1.209884960521566910e+00 -2.333631692020933457e+00 1.101167640491830468e+00 1.963930558391000947e+00 2.286843034183000611e+00
-1.642744566038669918e+00 -6.571838377465730741e-01 1.219821447045902563e+00 -2.320225197686907048e+00 1.091526029667519548e+00 1.959773622211232968e+00 2.259883273237028423e+00
-1.655820052224478811e+00 -6.388122221923462352e-01 1.230484940791239934e+00 -2.306641054955824721e+00 1.081293703011031893e+00 1.955472860771860333e+00 2.233369895205727484e+00
-1.669489613583836407e+00 -6.204144708556068588e-01 1.241937745693005413e+00 -2.292877833887045025e+00 1.070472764745303174e+00 1.951037490795006546e+00 2.207305416578993373e+00
-1.683817192598087598e+00 -6.019934264628294951e-01 1.254249964395601991e+00 -2.278933890541187779e+00 1.059066454100698218e+00 1.946474505003719990e+00 2.181691443346970960e+00
-1.698876811762871641e+00 -5.835551365638185217e-01 1.267500871458090206e+00 -2.264807270152199070e+00 1.047079821582594050e+00 1.941787990489176607e+00 2.156528301824502503e+00
-1.714754635187383025e+00 -5.651103423449033158e-01 1.281780501539478534e+00 -2.250495563629921314e+00 1.034520757600714491e+00 1.936978178447641197e+00 2.131814456979600703e+00
-1.731551453290456122e+00 -5.466766212028736360e-01 1.297191431220349855e+00 -2.235995696697840707e+00 1.021401542236866966e+00 1.932040105577804479e+00 2.107545614326665095e+00
-1.749385612639885235e+00 -5.282814871979879534e-01 1.313850664626573295e+00 -2.221303621135768847e+00 1.007741168207747284e+00 1.926961712860879139e+00 2.083713349413905291e+00
-1.768396326003303765e+00 -5.099668940027557440e-01 1.331891391691409687e+00 -2.206413863513867479e+00 9.935688101059683142e-01 1.921721130959433310e+00 2.060303032807349055e+00
-1.790470710070615867e+00 -4.908051743504441844e-01 1.354784085998389065e+00 -2.189142474751115675e+00 9.783395416426832192e-01 1.915681691546843313e+00 2.038809704359023645e+00
-1.814484296877732161e+00 -4.720080613104046807e-01 1.379763300157051509e+00 -2.171609971502169056e+00 9.627325371078642169e-01 1.909300617225087704e+00 2.017657895871594942e+00
-1.840722232328270813e+00 -4.537943784389023572e-01 1.407049198274432644e+00 -2.153791585686263943e+00 9.469080509307867821e-01 1.902445102829357415e+00 1.996755333496469609e+00
-1.869484870710433233e+00 -4.364838632949767927e-01 1.436840365769162187e+00 -2.135652296082879431e+00 9.311067474871878025e-01 1.894922775637706724e+00 1.975961087421692408e+00
-1.901044506198375172e+00 -4.205281471762540302e-01 1.469257490882160955e+00 -2.117143809438434499e+00 9.156768892788790248e-01 1.886465600016255406e+00 1.955068620488599418e+00
-1.935560656503818588e+00 -4.065274624960363292e-01 1.504249184597239442e+00 -2.098202832788524486e+00 9.010911178836585878e-01 1.876723936158049666e+00 1.933794911471940159e+00
-1.972949834473038511e+00 -3.951983741655806792e-01 1.541468151745718718e+00 -2.078754195881147737e+00 8.879243878117236699e-01 1.865291325948396528e+00 1.911792889909705195e+00
-2.012751497131615164e+00 -3.872496770842523972e-01 1.580176170235969346e+00 -2.058723062002602244e+00 8.767566140689152521e-01 1.851783755987723046e+00 1.888709599669140093e+00
-2.046466402608366764e+00 -3.848933493087383639e-01 1.614369752184357187e+00 -2.040398936579530975e+00 8.691768765657984508e-01 1.838257021707368155e+00 1.869583002284713746e+00
-2.080439085272931976e+00 -3.854152665465226391e-01 1.647890060450481808e+00 -2.021583292705899204e+00 8.634309532358782624e-01 1.823077083861616821e+00 1.849401286053116156e+00
-2.114009362332709863e+00 -3.885628044072064746e-01 1.680133198113271220e+00 -2.002295771229049670e+00 8.593321799045744447e-01 1.806440612873903895e+00 1.828272988648852238e+00
-2.146689994013599279e+00 -3.939287938659941646e-01 1.710729432581716836e+00 -1.982570412184589737e+00 8.565689019892364087e-01 1.788630573848868810e+00 1.806381817730849049e+00
-2.178196230115657883e+00 -4.010628580134225074e-01 1.739535001362789712e+00 -1.962444681662194323e+00 8.547946195105370348e-01 1.769947084122847736e+00 1.783932268378165098e+00
-2.208411265087407482e+00 -4.095516761985906751e-01 1.766568194151247440e+00 -1.941951632426223373e+00 8.536931193955927810e-01 1.750659570495820549e+00 1.761110435297095655e+00
-2.237330627673469241e+00 -4.190548608469591430e-01 1.791939015528704937e+00 -1.921116486015201019e+00 8.530073805803244369e-01 1.730986848681529855e+00 1.738066765053021268e+00
-2.265013438258871581e+00 -4.293094225687896781e-01 1.815796917611278261e+00 -1.899956298242191144e+00 8.525428033984959741e-01 1.711096248544909937e+00 1.714914314854887767e+00
-2.285498021543382663e+00 -4.392800596182155348e-01 1.836739230882301843e+00 -1.880098422530855462e+00 8.499260683109790548e-01 1.693375849283496049e+00 1.692603610421606675e+00
-2.305216100087557063e+00 -4.496226927367898418e-01 1.856741646328613271e+00 -1.859910614797831263e+00 8.472951658054775903e-01 1.675676328270417681e+00 1.670252142630028303e+00
-2.309299999999999908e+00 -4.847256201116107444e-01 1.848317229862671107e+00 -1.836817743224262722e+00 8.662496505901030597e-01 1.641239586621145108e+00 1.635970525535521913e+00
-2.309299999999999908e+00 -5.285767923416864189e-01 1.830307585506960821e+00 -1.812513590199257729e+00 8.925896104253113750e-01 1.600709629201981343e+00 1.598042100566228640e+00
-2.309299999999999908e+00 -5.755471547587551751e-01 1.809370181167477831e+00 -1.787596527437468108e+00 9.213701123736744991e-01 1.557852540784863349e+00 1.559381500068737436e+00
-2.309299999999999908e+00 -6.269560835203437099e-01 1.784439877260520113e+00 -1.761942735816276029e+00 9.537856662445460820e-01 1.511637652402045617e+00 1.519583301972837974e+00
-2.309299999999999908e+00 -6.852780903647900379e-01 1.753548765236392137e+00 -1.735335013641274182e+00 9.920226700124030739e-01 1.460113245860973796e+00 1.477920775962692002e+00
-2.309299999999999908e+00 -7.048645071284342922e-01 1.748378529376155344e+00 -1.720639703242125895e+00 9.984887106812089241e-01 1.440617660955433976e+00 1.453040840334675510e+00
-2.309299999999999908e+00 -7.250801511871242111e-01 1.742466868041975037e+00 -1.705663145534535463e+00 1.005508823539934982e+00 1.420848161380193764e+00 1.427931481338240216e+00
-2.309299999999999908e+00 -7.460521765615604206e-01 1.735689220936041055e+00 -1.690391908001126708e+00 1.013215285278976197e+00 1.400707643372653965e+00 1.402550008569416251e+00
-2.309299999999999908e+00 -7.679620100149997519e-01 1.727872154820799144e+00 -1.674807538113450400e+00 1.021791073673939954e+00 1.380056506367885127e+00 1.376837240198374834e+00
-2.309299999999999908e+00 -7.910670456932092920e-01 1.718773602222141150e+00 -1.658884735899599727e+00 1.031490724722024188e+00 1.358695396102184372e+00 1.350711408317970763e+00
-2.309299999999999908e+00 -8.157540627215786877e-01 1.708035832651067842e+00 -1.642586772713708232e+00 1.042689743241721700e+00 1.336323124904421178e+00 1.324052343033868873e+00
-2.309299999999999908e+00 -8.426535140425396309e-01 1.695085631367373891e+00 -1.625855792934265853e+00 1.055989716502424125e+00 1.312446562332890476e+00 1.296667784003495250e+00
-2.309299999999999908e+00 -8.730635514128639585e-01 1.678771221691135462e+00 -1.608576552870871312e+00 1.072600183366987814e+00 1.286047921008589778e+00 1.268165331371994720e+00
-2.304436174843647489e+00 -8.738573707252607070e-01 1.681951156229864575e+00 -1.602434184991388122e+00 1.063348512212221930e+00 1.284055518264046292e+00 1.246689405700666109e+00
-2.299634064637964492e+00 -8.747203391530440353e-01 1.685180862146471448e+00 -1.596189549252692519e+00 1.054106611539378680e+00 1.282235642921649932e+00 1.225231523490576624e+00
-2.294893640290702752e+00 -8.756517646612151928e-01 1.688458507395665942e+00 -1.589844941368046882e+00 1.044876868240472101e+00 1.280588700858453555e+00 1.203791180627493684e+00
-2.290214904773056670e+00 -8.766509671501216960e-01 1.691782244487170184e+00 -1.583402623794845310e+00 1.035661674845095526e+00 1.279115060644085755e+00 1.182367903305922896e+00
-2.285597893160990601e+00 -8.777172769780445805e-01 1.695150215161835838e+00 -1.576864825253393443e+00 1.026463430865132587e+00 1.277815054710695675e+00 1.160961245050638357e+00
-2.281042673016909994e+00 -8.788500337163539511e-01 1.698560553996361522e+00 -1.570233739046891674e+00 1.017284543767531746e+00 1.276688981051645966e+00 1.139570785552163734e+00
-2.276549344911524386e+00 -8.800485848817369838e-01 1.702011392089017860e+00 -1.563511521221964351e+00 1.008127429824375643e+00 1.275737104708336345e+00 1.118196129630059321e+00
-2.272118043102597351e+00 -8.813122846581856740e-01 1.705500860833058852e+00 -1.556700288547979261e+00 9.989945148360726002e-01 1.274959659015691082e+00 1.096836906319247573e+00
-2.267748936292316220e+00 -8.826404926512047000e-01 1.709027095711680655e+00 -1.549802116375593952e+00 9.898882347246544811e-01 1.274356846733259330e+00 1.075492768044933767e+00
-2.257764174269920154e+00 -8.817620168745219367e-01 1.708932595230596707e+00 -1.551031428716101335e+00 9.795292638133136220e-01 1.275574322262549520e+00 1.051177689859768005e+00
-2.247745305323345821e+00 -8.809057981378261015e-01 1.708865734253045110e+00 -1.552270806633045286e+00 9.692040656588620795e-01 1.277047296705700274e+00 1.026931951844554769e+00
-2.237694085652947695e+00 -8.800704940134391752e-01 1.708826834949461748e+00 -1.553521973576749149e+00 9.589167294114081530e-01 1.278775063091679653e+00 1.002757399698284146e+00
-2.227612403216457260e+00 -8.792548063231981903e-01 1.708816231433725186e+00 -1.554786481120206343e+00 9.486712776531293079e-01 1.280756754916368312e+00 9.786558291752338601e-01
-2.217502272697233767e+00 -8.784574780449929676e-01 1.708834270955765344e+00 -1.556065711239973615e+00 9.384716599885949417e-01 1.282991350858516677e+00 9.546289766031305080e-01
-2.207365832437567121e+00 -8.776772918593658268e-01 1.708881316720044063e+00 -1.557360877333747506e+00 9.283217465734637797e-01 1.285477679658705741e+00 9.306785099806845762e-01
-2.197205341224910846e+00 -8.769130685294387328e-01 1.708957750714797275e+00 -1.558673025617484331e+00 9.182253218571839737e-01 1.288214425225003845e+00 9.068060206046727467e-01
-2.187023174897305910e+00 -8.761636651420031674e-01 1.709063976499694215e+00 -1.560003036936928433e+00 9.081860786029160026e-01 1.291200132012892077e+00 8.830130152560082823e-01
-2.176821822845656396e+00 -8.754279732181808882e-01 1.709200421980367146e+00 -1.561351628911473721e+00 8.982076122034639010e-01 1.294433210533936451e+00 8.593009089632177577e-01
-2.166603884374385114e+00 -8.747049167242292311e-01 1.709367542113378269e+00 -1.562719358445763707e+00 8.882934153515215092e-01 1.297911943049482542e+00 8.356710183625485344e-01
-2.156372064968167468e+00 -8.739934499982399130e-01 1.709565821548200359e+00 -1.564106624553257996e+00 8.784468730855993224e-01 1.301634489356293223e+00 8.121245556632022966e-01
-2.142812946246531514e+00 -8.712394260438650617e-01 1.707541257759549680e+00 -1.571025650652019934e+00 8.663205242291568409e-01 1.305757638950997945e+00 7.836955616715928219e-01
-2.129139282903558250e+00 -8.684706443837982848e-01 1.705503449080675749e+00 -1.578023295764162004e+00 8.542643133625741347e-01 1.310227744170483710e+00 7.554137827062670230e-01
-2.115353786354666088e+00 -8.656858244338783148e-01 1.703452010963468544e+00 -1.585098829543841070e+00 8.422848952672579159e-01 1.315040646124426171e+00 7.272834184517024125e-01
-2.101459378225870367e+00 -8.628838082250350761e-01 1.701386577375299636e+00 -1.592251172139534710e+00 8.303886571250774784e-01 1.320191830181984827e+00 6.993083772126179598e-01
-2.087459177018698320e+00 -8.600635503369923329e-01 1.699306806002824022e+00 -1.599478912628832683e+00 8.185817040021104996e-01 1.325676447754189580e+00 6.714922598141358501e-01
-2.073356488881980209e+00 -8.572241120772645662e-01 1.697212387602031969e+00 -1.606780325111376140e+00 8.068698447550572972e-01 1.331489339514694503e+00 6.438383440334974894e-01
-2.059154798304003720e+00 -8.543646550457640876e-01 1.695103055167988648e+00 -1.614153385650956452e+00 7.952585800484893719e-01 1.337625059320534993e+00 6.163495718201940088e-01
-2.044857758784497825e+00 -8.514844341584240084e-01 1.692978592833578766e+00 -1.621595789902803286e+00 7.837530925255526970e-01 1.344077898615007260e+00 5.890285392809595510e-01
-2.030469183530331900e+00 -8.485827902055231853e-01 1.690838844406566510e+00 -1.629104971275509017e+00 7.723582391507730627e-01 1.350841911123611627e+00 5.618774893791157465e-01
-2.015993036246472858e+00 -8.456591420165241457e-01 1.688683721487559186e+00 -1.636678119443739421e+00 7.610785456902187107e-01 1.357910937605019130e+00 5.348983072572786046e-01
-2.001433422064158307e+00 -8.427129783044623457e-01 1.686513211104200050e+00 -1.644312199060535384e+00 7.499182032804937448e-01 1.365278630476386423e+00 5.080925180750101022e-01
-1.986794578632890218e+00 -8.397438492603845894e-01 1.684327382800346884e+00 -1.652003968537640644e+00 7.388810670230331334e-01 1.372938478166527698e+00 4.814612872387277198e-01
-1.972539875899153916e+00 -8.359468449043219174e-01 1.681180530870119316e+00 -1.661396783587386627e+00 7.266136794495747786e-01 1.379269020635392584e+00 4.541215086545261070e-01
-1.958134780707158074e+00 -8.321154929360164987e-01 1.677964314806276391e+00 -1.670888210967707899e+00 7.144366022050785414e-01 1.385915652975557633e+00 4.269606721712765895e-01
-1.943581035388837641e+00 -8.282499187135452523e-01 1.674676182258031609e+00 -1.680475175389331888e+00 7.023548742215288687e-01 1.392871384465862006e+00 3.999815296086635663e-01
-1.928880472474721941e+00 -8.243504396922857191e-01 1.671313570712746666e+00 -1.690154350290252960e+00 6.903732305995413654e-01 1.400128946448364164e+00 3.731864121026539083e-01
-1.914035002797173979e+00 -8.204175586266794218e-01 1.667873911607922643e+00 -1.699922180790081949e+00 6.784961069558611557e-01 1.407680817425028819e+00 3.465772261506426810e-01
-1.899046607922877383e+00 -8.164519620408856593e-01 1.664354638886345938e+00 -1.709774903811752012e+00 6.667276436866248490e-01 1.415519249795991197e+00 3.201554488870825277e-01
-1.883917333228065871e+00 -8.124545185688344384e-01 1.660753197429412742e+00 -1.719708568104527657e+00 6.550716927600196415e-01 1.423636296398402834e+00 2.939221256317997577e-01
-1.868649281783545169e+00 -8.084262771763601751e-01 1.657067051469218733e+00 -1.729719053922100347e+00 6.435318268192389279e-01 1.432023836507271941e+00 2.678778694912355429e-01
-1.853244609068342319e+00 -8.043684652838475335e-01 1.653293692986401497e+00 -1.739802092281941492e+00 6.321113504633932845e-01 1.440673601250777702e+00 2.420228628577879848e-01
-1.837705518560686535e+00 -8.002824867888189697e-01 1.649430650139666721e+00 -1.749953283707937901e+00 6.208133135314098938e-01 1.449577198347216100e+00 2.163568606358177715e-01
-1.822034258305066157e+00 -7.961699199662803927e-01 1.645475495827888324e+00 -1.760168116310535158e+00 6.096405261432291667e-01 1.458726135982247651e+00 1.908791949872404858e-01
-1.806233118469249943e+00 -7.920325152181797446e-01 1.641425856434317820e+00 -1.770441983161588517e+00 5.985955753086323883e-01 1.468111845815853966e+00 1.655887814438702366e-01
-1.790304429919182372e+00 -7.878721926246433638e-01 1.637279420824504506e+00 -1.780770198912658309e+00 5.876808428884231494e-01 1.477725705087376218e+00 1.404841262339434349e-01
-1.774565507006226062e+00 -7.838223937625603543e-01 1.632291984055571410e+00 -1.791703359663794570e+00 5.754479664179593668e-01 1.486306614078605870e+00 1.155086384750888123e-01
-1.758651615509955413e+00 -7.797648200666355001e-01 1.627167755295834128e+00 -1.802722032246028672e+00 5.633350667967368386e-01 1.495138391022056590e+00 9.071695571069036956e-02
-1.742564103650958707e+00 -7.757031403685085147e-01 1.621902816503717926e+00 -1.813821369474576395e+00 5.513459117279876365e-01 1.504211540256449542e+00 6.610763107324865717e-02
-1.726304411326796018e+00 -7.716413621741077256e-01 1.616493341505614856e+00 -1.824996422667215068e+00 5.394841678189863377e-01 1.513516476906111574e+00 4.167868187390190438e-02
-1.709874078275475107e+00 -7.675838275414326173e-01 1.610935616270628312e+00 -1.836242161809126916e+00 5.277534297084510717e-01 1.523043551090031311e+00 1.742759388990888433e-02
-1.693274758121348089e+00 -7.635352127626986452e-01 1.605226066184201938e+00 -1.847553492960757993e+00 5.161572466183221852e-01 1.532783074729195727e+00 -6.648675212222805025e-03
-1.676508234963187460e+00 -7.595005259204045123e-01 1.599361285902321406e+00 -1.858925274867381461e+00 5.046991490537119374e-01 1.542725347891276799e+00 -3.055369063812506114e-02
-1.659576442438636557e+00 -7.554851018633331750e-01 1.593338071862561378e+00 -1.870352334787593662e+00 4.933826751540784095e-01 1.552860684740829500e+00 -5.429153326497102722e-02
-1.642481485174075884e+00 -7.514945940978694505e-01 1.587153457496698339e+00 -1.881829483527837077e+00 4.822113961234473778e-01 1.563179439090329526e+00 -7.786679031099161263e-02
-1.625225662448582575e+00 -7.475349630548349111e-01 1.580804751105867378e+00 -1.893351529684468959e+00 4.711889401339373618e-01 1.573672029553816909e+00 -1.012845436558738460e-01
-1.607811493822045801e+00 -7.436124601653245625e-01 1.574289576268377733e+00 -1.904913293091741622e+00 4.603190140533214847e-01 1.584328964276691121e+00 -1.245503555568392012e-01
-1.590241746347262231e+00 -7.397336071763933596e-01 1.567605914506850606e+00 -1.916509617510951946e+00 4.496054223542439998e-01 1.595140865260581853e+00 -1.476702514415232093e-01
-1.570750688066500533e+00 -7.363015783642329337e-01 1.558850947202275794e+00 -1.930153326396895519e+00 4.378471272345061394e-01 1.606580422972397004e+00 -1.708998940552402257e-01
-1.551075874241714336e+00 -7.329926799623279754e-01 1.549881735123613602e+00 -1.943829547301383798e+00 4.262922512277405596e-01 1.618170678600014512e+00 -1.939882450166375560e-01
-1.531223484464590667e+00 -7.298185578066422874e-01 1.540699280460337439e+00 -1.957532535658286443e+00 4.149477182633696803e-01 1.629900551626388472e+00 -2.169456350059572880e-01
-1.511200479136592278e+00 -7.267908978955855970e-01 1.531305713660010559e+00 -1.971256649929403970e+00 4.038205719680213468e-01 1.641759337558126752e+00 -2.397828345769740244e-01
-1.491014623388714044e+00 -7.239212872588941527e-01 1.521704358840792581e+00 -1.984996368536159128e+00 3.929179326472027611e-01 1.653736743293418021e+00 -2.625109625975430849e-01
-1.470674502943690509e+00 -7.212210674814615308e-01 1.511899791015530736e+00 -1.998746302911715400e+00 3.822469365868507718e-01 1.665822921975637971e+00 -2.851413853468715009e-01
-1.450189522734542713e+00 -7.187011769346299817e-01 1.501897874390410115e+00 -2.012501208882405912e+00 3.718146621841613708e-01 1.678008502890589115e+00 -3.076856061710647183e-01
-1.429569885696217346e+00 -7.163719850902550146e-01 1.491705777785302223e+00 -2.026255996202575016e+00 3.616280443283582668e-01 1.690284615322924067e+00 -3.301551474270555397e-01
-1.408826549741212908e+00 -7.142431232193767743e-01 1.481331963689886955e+00 -2.040005736059503416e+00 3.516937792100480187e-01 1.702642905300752796e+00 -3.525614271089554386e-01
-1.387971161722398428e+00 -7.123233166040661146e-01 1.470786148218392597e+00 -2.053745666416590954e+00 3.420182225207032967e-01 1.715075544337218760e+00 -3.749156331348382221e-01
-1.362758121238889952e+00 -7.108509452921104588e-01 1.455980556140760829e+00 -2.072102885869419708e+00 3.317957086493415475e-01 1.730589659233983113e+00 -3.994745605572502245e-01
-1.337456751729728888e+00 -7.098094695351010452e-01 1.440963094171609171e+00 -2.090406559073098691e+00 3.219915639605733237e-01 1.746125695663589994e+00 -4.240428233132170210e-01
-1.312095022298956692e+00 -7.092074878261660498e-01 1.425765182615844395e+00 -2.108652273515190245e+00 3.126134673801596597e-01 1.761675364075633965e+00 -4.486377357755372275e-01
-1.286700960114162573e+00 -7.090491871218493891e-01 1.410419796742407694e+00 -2.126835947877685484e+00 3.036666241594864202e-01 1.777231475971176033e+00 -4.732741584960442616e-01
-1.261301976752937870e+00 -7.093342556448289926e-01 1.394960659264985248e+00 -2.144953806011583808e+00 2.951535962644384337e-01 1.792787789509167506e+00 -4.979643308649626121e-01
-1.235924231769069737e+00 -7.100579757992814267e-01 1.379421422735955582e+00 -2.163002340224258635e+00 2.870742362931573699e-01 1.808338831532535718e+00 -5.227178113010992888e-01
-1.210592056861494292e+00 -7.112114819276476041e-01 1.363834878054322797e+00 -2.180978270583773693e+00 2.794257316712257522e-01 1.823879703329290836e+00 -5.475415253014777051e-01
-1.185327472445615093e+00 -7.127821605537676408e-01 1.348232233986197626e+00 -2.198878502618527797e+00 2.722027510355379820e-01 1.839405881186980674e+00 -5.724399118128238317e-01
-1.157518394031532338e+00 -7.144194624104786007e-01 1.328332248578311336e+00 -2.221384558791624997e+00 2.656571561797495540e-01 1.858910151251043974e+00 -6.007694314930706048e-01
-1.129887399327579756e+00 -7.166511308271336089e-01 1.308438092436154276e+00 -2.243749214993594698e+00 2.596843735465048097e-01 1.878313614539643295e+00 -6.292914968375309392e-01
-1.102459448577921775e+00 -7.194431359327815301e-01 1.288592408337152939e+00 -2.265971512796985721e+00 2.542653794957867031e-01 1.897611175052671184e+00 -6.580045607148433673e-01
-1.075252936824437233e+00 -7.227581139089659379e-01 1.268830812883662285e+00 -2.288050475714553222e+00 2.493780052815468551e-01 1.916797202271210088e+00 -6.869039461728488893e-01
-1.048279864221997038e+00 -7.265569605354118554e-01 1.249181627777605108e+00 -2.309985056951436189e+00 2.449978702534029995e-01 1.935865244490330150e+00 -7.159827451482525529e-01
-1.021546284308213703e+00 -7.308002541803235719e-01 1.229665995322835048e+00 -2.331774098948665497e+00 2.410992449923894665e-01 1.954807819968532812e+00 -7.452326426307646079e-01
-9.950529313766390827e-01 -7.354494516455133413e-01 1.210298281338598514e+00 -2.353416307725557655e+00 2.376557991538321701e-01 1.973616278172615202e+00 -7.746446247216092207e-01
-9.708063795301520305e-01 -7.380866393573494166e-01 1.189133071488147397e+00 -2.376412921633202391e+00 2.347835917601122924e-01 1.995443821327715250e+00 -8.071812415326885537e-01
-9.468216904980665261e-01 -7.410687216598342841e-01 1.167986931872396994e+00 -2.399191448554644168e+00 2.323703496960217718e-01 2.017063536195553120e+00 -8.399987084513295121e-01
-9.230936818833600510e-01 -7.443613391292911441e-01 1.146860671842449220e+00 -2.421749549160317372e+00 2.303908424646966824e-01 2.038461019220489501e+00 -8.730956908875133760e-01
-8.996138001491701397e-01 -7.479330165222478621e-01 1.125749832569104658e+00 -2.444084623174133775e+00 2.288200953005195271e-01 2.059620418471018954e+00 -9.064711069331315985e-01
-8.763708179352077687e-01 -7.517556397470210872e-01 1.104645408278974061e+00 -2.466193821890065419e+00 2.276336462030914276e-01 2.080524415812642580e+00 -9.401243677468500426e-01
-8.533515010803847112e-01 -7.558047668350665882e-01 1.083534574983019638e+00 -2.488074058851370118e+00 2.268076915469312282e-01 2.101154229598095391e+00 -9.740555045974679249e-01
-8.305412225287539529e-01 -7.600598112526488759e-01 1.062401387132468678e+00 -2.509722023029055560e+00 2.263191366146882211e-01 2.121489627928913713e+00 -1.008265205895192862e+00
-8.138607577405330140e-01 -7.597430656601318333e-01 1.042567370859698972e+00 -2.528194303330938197e+00 2.249431374464198052e-01 2.142780190146637675e+00 -1.043327704947413448e+00
-7.973201213911886853e-01 -7.594615491899799897e-01 1.022501233827699529e+00 -2.546365189648252425e+00 2.238452107639403721e-01 2.163753613465510650e+00 -1.078755845751235842e+00
-7.809090636913925687e-01 -7.592068454588095650e-01 1.002187852002596635e+00 -2.564227182951366313e+00 2.230152936480553905e-01 2.184386384123449432e+00 -1.114561078114428394e+00
-7.646169057471723374e-01 -7.589725691080634329e-01 9.816113134940765983e-01 -2.581772605168783929e+00 2.224435055885019830e-01 2.204653827354337903e+00 -1.150754609199659440e+00
-7.484327551108487242e-01 -7.587544392060018295e-01 9.607551784747462298e-01 -2.598993634503964145e+00 2.221200878919750432e-01 2.224530119158030228e+00 -1.187347312810804523e+00
-7.323457400953294893e-01 -7.585503192100867542e-01 9.396027696472746271e-01 -2.615882318855426547e+00 2.220353220653202009e-01 2.243988293693318425e+00 -1.224349593097872724e+00
-7.163452534354964873e-01 -7.583602376793561195e-01 9.181374682129692655e-01 -2.632430590609537102e+00 2.221794257838738962e-01 2.263000259708229045e+00 -1.261771224667537439e+00
-7.004212074701069435e-01 -7.581863901820443674e-01 8.963430161136627383e-01 -2.648630282738858810e+00 2.225424275480319403e-01 2.281536827375695520e+00 -1.299621170690480998e+00
-6.899741126250711343e-01 -7.519683746112943989e-01 8.761093420763317319e-01 -2.660365252642461265e+00 2.205652023738019496e-01 2.301697666886092453e+00 -1.339461418704082973e+00
-6.794685246772033116e-01 -7.456161566420217435e-01 8.554012152797055846e-01 -2.671650683462838405e+00 2.188220343861652650e-01 2.321305039910350754e+00 -1.379789980507520220e+00
-6.688859188545097645e-01 -7.391408546236712951e-01 8.342087891446202663e-01 -2.682475626924242906e+00 2.173197052432317145e-01 2.340320369477220996e+00 -1.420620752326323011e+00
-6.582081750335821990e-01 -7.325555849244369533e-01 8.125239515084252684e-01 -2.692829467762967610e+00 2.160656155409840240e-01 2.358704215044328034e+00 -1.461966102120188404e+00
-6.474179621390685480e-01 -7.258754327438644571e-01 7.903406275793176672e-01 -2.702702005759296089e+00 2.150675762455373230e-01 2.376416465320216886e+00 -1.503836656569732089e+00
-6.364991892571858489e-01 -7.191173623355602285e-01 7.676551557236021006e-01 -2.712083493850018456e+00 2.143335472192900715e-01 2.393416528637373641e+00 -1.546241006268378682e+00
-6.254375005018590894e-01 -7.123000799505869729e-01 7.444666796584463730e-01 -2.720964674753258983e+00 2.138713225240394256e-01 2.409663554150690334e+00 -1.589185386247612408e+00
-6.142208059856486546e-01 -7.054438448591868749e-01 7.207775499284851950e-01 -2.729336815730778909e+00 2.136881626621404684e-01 2.425116684104560161e+00 -1.632673335412123894e+00
-6.028398373262185972e-01 -6.985702246946575711e-01 6.965937248911435731e-01 -2.737191741186968397e+00 2.137903766819516660e-01 2.439735336665634247e+00 -1.676705340462345317e+00
-5.957480890674590190e-01 -6.866238471855048431e-01 6.768619142159388868e-01 -2.739675064974282037e+00 2.113953213064275471e-01 2.454719172828604190e+00 -1.717827561925894697e+00
-5.882940697966326793e-01 -6.746465850840864809e-01 6.566676662678917475e-01 -2.741700858929577489e+00 2.093411382942319265e-01 2.468904778616700213e+00 -1.759413850640680232e+00
-5.804649826767008802e-01 -6.626664360948004706e-01 6.360203985012474748e-01 -2.743265856248412238e+00 2.076532805859202524e-01 2.482258031475391924e+00 -1.801471597957713833e+00
-5.722521599979035756e-01 -6.507116475787820820e-01 6.149332338231551232e-01 -2.744367411433504600e+00 2.063565926755075997e-01 2.494746200077258891e+00 -1.844006130586147707e+00
-5.636516183021201831e-01 -6.388103435668219809e-01 5.934232774680887612e-01 -2.745003510420105819e+00 2.054746922372401585e-01 2.506338180669257731e+00 -1.887020418769380870e+00
-5.546646398008587830e-01 -6.269900937014388775e-01 5.715119231125794785e-01 -2.745172743852488217e+00 2.050292576858396276e-01 2.517004729705123900e+00 -1.930514675080930553e+00
-5.452982894292126570e-01 -6.152774551147236481e-01 5.492251016559700494e-01 -2.744874278753724806e+00 2.050392693408029099e-01 2.526718690192250261e+00 -1.974485935495134958e+00
-5.355658370993006123e-01 -6.036974972370517944e-01 5.265934507757010774e-01 -2.744107830179528751e+00 2.055202258606281529e-01 2.535455209890380868e+00 -2.018927636861053365e+00
-5.254870536118452229e-01 -5.922733219370773794e-01 5.036523830149229886e-01 -2.742873634473121047e+00 2.064833634438080212e-01 2.543191949737372504e+00 -2.063829208881855060e+00
-5.150883497002193279e-01 -5.810255936023034362e-01 4.804420315827759858e-01 -2.741172425643756405e+00 2.079349104483950994e-01 2.549909281095128044e+00 -2.109175702200091873e+00
-5.044027311736155594e-01 -5.699720954961388086e-01 4.570070564475390285e-01 -2.739005416141985894e+00 2.098754139644689598e-01 2.555590470505066047e+00 -2.154947476827910879e+00
-4.950699574202392927e-01 -5.566867139134282771e-01 4.382290238076742006e-01 -2.734118898001760112e+00 2.106819844298421229e-01 2.562544479341708481e+00 -2.195870234966672996e+00
-4.853621892984078534e-01 -5.436121417349092377e-01 4.192269490343526472e-01 -2.728895977488608349e+00 2.120350991757867232e-01 2.568624711526234616e+00 -2.237217946716693273e+00
-4.753123296918495000e-01 -5.307613139632044730e-01 4.000368842462994623e-01 -2.723338079633370157e+00 2.139429060222436951e-01 2.573820480989351456e+00 -2.278983648368141601e+00
-4.649589115057403688e-01 -5.181444516853463966e-01 3.806985272955728528e-01 -2.717446752256355236e+00 2.164079018704838653e-01 2.578122996949533619e+00 -2.321156116649536916e+00
-4.543456664365217446e-01 -5.057689191602823264e-01 3.612548199949094374e-01 -2.711223701571776168e+00 2.194265067975173511e-01 2.581525394452047539e+00 -2.363719677119324292e+00
-4.435210407639650354e-01 -4.936390840300863836e-01 3.417515039853017966e-01 -2.704670800019989940e+00 2.229886755603287529e-01 2.584022795620632085e+00 -2.406653995914565858e+00
-4.325375513402187622e-01 -4.817562366671639396e-01 3.222365634623343689e-01 -2.697790101508839911e+00 2.270776593655837727e-01 2.585612374927393819e+00 -2.449933980203539807e+00
-4.214509938166711156e-01 -4.701185745213473099e-01 3.027595678161336124e-01 -2.690583862778885837e+00 2.316699403040548555e-01 2.586293427754650320e+00 -2.493529803937597045e+00
-4.103195240036136560e-01 -4.587212547496685722e-01 2.833709338657972032e-01 -2.683054568933640915e+00 2.367353538042122618e-01 2.586067440281381913e+00 -2.537407070421978439e+00
-3.992026416295766933e-01 -4.475565154485208197e-01 2.641211333039862330e-01 -2.675204960659444353e+00 2.422374054953179145e-01 2.584938157668776437e+00 -2.581527116590662363e+00
-3.881601125555608212e-01 -4.366138626122430533e-01 2.450598752671389879e-01 -2.667038060239005137e+00 2.481337789881788158e-01 2.582911646273637896e+00 -2.625847456585900908e+00
-3.772508704437647076e-01 -4.258803168460914002e-01 2.262352966092876227e-01 -2.658557193387741435e+00 2.543770205848595034e-01 2.579996344981341228e+00 -2.670322354301353673e+00
-2.619184721383528425e-01 -3.986563047783101554e-01 9.212679973212398177e-02 -2.644097046346667312e+00 1.967131340935651118e-01 2.581485561372710347e+00 -2.708677645698645886e+00
-2.619257307169789994e-01 -3.986580181531728662e-01 9.213524000635150979e-02 -2.644097956412839512e+00 1.967167632373281461e-01 2.581485467647144816e+00 -2.708675231763772118e+00
-2.619475046255490547e-01 -3.986631578464280290e-01 9.216055870424018359e-02 -2.644100686382251375e+00 1.967276497549997061e-01 2.581485186494042683e+00 -2.708667990566846484e+00
-2.619837883825979485e-01 -3.986717225641854268e-01 9.220274945194321947e-02 -2.644105235567648204e+00 1.967457909059572019e-01 2.581484717984182886e+00 -2.708655923930801013e+00
-2.620345728538839847e-01 -3.986837101503230563e-01 9.226180162816548236e-02 -2.644111602823796314e+00 1.967711821232628611e-01 2.581484062235510635e+00 -2.708639034893347119e+00
-2.620998452546879909e-01 -3.986991175870302495e-01 9.233770036683744409e-02 -2.644119786547773465e+00 1.968038170148135590e-01 2.581483219413106767e+00 -2.708617327706209554e+00
-2.621795891530321887e-01 -3.987179409955672327e-01 9.243042656085749542e-02 -2.644129784679370765e+00 1.968436873649498375e-01 2.581482189729147780e+00 -2.708590807834056591e+00
-2.622737844738166624e-01 -3.987401756372416228e-01 9.253995686690219546e-02 -2.644141594701611808e+00 1.968907831365242778e-01 2.581480973442850324e+00 -2.708559481953124237e+00
-2.623824075038729831e-01 -3.987658159146011405e-01 9.266626371130272377e-02 -2.644155213641387281e+00 1.969450924734282293e-01 2.581479570860408135e+00 -2.708523357949535804e+00
-2.625054308979343776e-01 -3.987948553728432044e-01 9.280931529698646654e-02 -2.644170638070201029e+00 1.970066017035765893e-01 2.581477982334914767e+00 -2.708482444917315490e+00
-2.626428236855192222e-01 -3.988272867014394651e-01 9.296907561148172461e-02 -2.644187864105036478e+00 1.970752953423495768e-01 2.581476208266271666e+00 -2.708436753156100441e+00
-2.627945512787279725e-01 -3.988631017359763331e-01 9.314550443598368368e-02 -2.644206887409331408e+00 1.971511560964909759e-01 2.581474249101092244e+00 -2.708386294168547703e+00
-2.629605754809504203e-01 -3.989022914602104453e-01 9.333855735547927357e-02 -2.644227703194069967e+00 1.972341648684616533e-01 2.581472105332585532e+00 -2.708331080657436996e+00
-2.631408544964816132e-01 -3.989448460083382941e-01 9.354818576992840473e-02 -2.644250306218990154e+00 1.973243007612471567e-01 2.581469777500433604e+00 -2.708271126522475036e+00
-2.633353429410433821e-01 -3.989907546674799632e-01 9.377433690649879250e-02 -2.644274690793900984e+00 1.974215410836185070e-01 2.581467266190655696e+00 -2.708206446856793903e+00
-2.635439918532099246e-01 -3.990400058803760253e-01 9.401695383285120500e-02 -2.644300850780116896e+00 1.975258613558445731e-01 2.581464572035460758e+00 -2.708137057943154069e+00
-2.637667487067333894e-01 -3.990925872482969927e-01 9.427597547147188728e-02 -2.644328779592000522e+00 1.976372353158546702e-01 2.581461695713087590e+00 -2.708062977249843684e+00
-2.640035574237671878e-01 -3.991484855341647098e-01 9.455133661504848408e-02 -2.644358470198622690e+00 1.977556349258499657e-01 2.581458637947635637e+00 -2.707984223426280757e+00
-2.642543583889831460e-01 -3.992076866658845757e-01 9.484296794288565868e-02 -2.644389915125533008e+00 1.978810303793618608e-01 2.581455399508880699e+00 -2.707900816298319135e+00
-2.645190884645794993e-01 -3.992701757398883777e-01 9.515079603835623068e-02 -2.644423106456637917e+00 1.980133901087554604e-01 2.581451981212082636e+00 -2.707812776863257387e+00
-2.647976810061755115e-01 -3.993359370248858453e-01 9.547474340738332232e-02 -2.644458035836198651e+00 1.981526807931767720e-01 2.581448383917778866e+00 -2.707720127284552358e+00
-2.650900658795885545e-01 -3.994049539658251491e-01 9.581472849794919755e-02 -2.644494694470929552e+00 1.982988673669408564e-01 2.581444608531569429e+00 -2.707622890886240086e+00
-2.653961694784904291e-01 -3.994772091880605114e-01 9.617066572062543672e-02 -2.644533073132216305e+00 1.984519130283595167e-01 2.581440656003887391e+00 -2.707521092147064046e+00
-2.657159147429369872e-01 -3.995526845017261519e-01 9.654246547011971491e-02 -2.644573162158435409e+00 1.986117792490059708e-01 2.581436527329760366e+00 -2.707414756694312530e+00
-2.660492211787679473e-01 -3.996313609063154582e-01 9.693003414783338267e-02 -2.644614951457389118e+00 1.987784257834140922e-01 2.581432223548560501e+00 -2.707303911297366472e+00
-2.663960048778704626e-01 -3.997132185954642702e-01 9.733327418542443710e-02 -2.644658430508845193e+00 1.989518106792100283e-01 2.581427745743741120e+00 -2.707188583860962172e+00
-2.667561785393028351e-01 -3.997982369619372256e-01 9.775208406936986005e-02 -2.644703588367184555e+00 1.991318902876734742e-01 2.581423095042565841e+00 -2.707068803418165359e+00
-2.671296514912718245e-01 -3.998863946028151095e-01 9.818635836652102322e-02 -2.644750413664158195e+00 1.993186192747260221e-01 2.581418272615823462e+00 -2.706944600123061040e+00
-2.675163297139591112e-01 -3.999776693248833226e-01 9.863598775064605362e-02 -2.644798894611747997e+00 1.995119506323437542e-01 2.581413279677535311e+00 -2.706816005243165790e+00
-2.679161158631899742e-01 -4.000720381502186895e-01 9.910085902995197094e-02 -2.644849019005134583e+00 1.997118356903913039e-01 2.581408117484645270e+00 -2.706683051151551833e+00
-2.683289092949392440e-01 -4.001694773219740542e-01 9.958085517558022681e-02 -2.644900774225769524e+00 1.999182241288741946e-01 2.581402787336709359e+00 -2.706545771318701110e+00
-2.687546060906680356e-01 -4.002699623103591064e-01 1.000758553510680826e-01 -2.644954147244553688e+00 2.001310639906067890e-01 2.581397290575562664e+00 -2.706404200304077357e+00
-2.691930990834845439e-01 -4.003734678188153318e-01 1.005857349427684844e-01 -2.645009124625114172e+00 2.003503016942921044e-01 2.581391628584985831e+00 -2.706258373747426837e+00
-2.696442778851227962e-01 -4.004799677903844168e-01 1.011103655912209132e-01 -2.645065692527190038e+00 2.005758820480106897e-01 2.581385802790354678e+00 -2.706108328359804638e+00
-2.701080289137322010e-01 -4.005894354142682245e-01 1.016496152234652450e-01 -2.645123836710113974e+00 2.008077482631147881e-01 2.581379814658281813e+00 -2.705954101914335386e+00
-2.705842354224713975e-01 -4.007018431325776731e-01 1.022033480862903077e-01 -2.645183542536399202e+00 2.010458419685247355e-01 2.581373665696247599e+00 -2.705795733236701306e+00
-2.710727775288984676e-01 -4.008171626472709637e-01 1.027714247804091263e-01 -2.645244794975423197e+00 2.012901032254234834e-01 2.581367357452220457e+00 -2.705633262195370481e+00
-2.715735322451506284e-01 -4.009353649272768272e-01 1.033537022955518941e-01 -2.645307578607212218e+00 2.015404705423458342e-01 2.581360891514266953e+00 -2.705466729691558658e+00
-2.720863735089060209e-01 -4.010564202158035108e-01 1.039500340464680206e-01 -2.645371877626322199e+00 2.017968808906586697e-01 2.581354269510151678e+00 -2.705296177648933043e+00
-2.726111722151191019e-01 -4.011802980378293970e-01 1.045602699098282795e-01 -2.645437675845819125e+00 2.020592697204279808e-01 2.581347493106930013e+00 -2.705121649003058515e+00
-2.731477962485219235e-01 -4.013069672077753669e-01 1.051842562620174393e-01 -2.645504956701353105e+00 2.023275709766691188e-01 2.581340564010524474e+00 -2.704943187690588058e+00
-2.736961105168839725e-01 -4.014363958373551866e-01 1.058218360178082573e-01 -2.645573703255328368e+00 2.026017171159756047e-01 2.581333483965297937e+00 -2.704760838638202713e+00
-2.742559769850203555e-01 -4.015685513436035858e-01 1.064728486699068333e-01 -2.645643898201168298e+00 2.028816391235229166e-01 2.581326254753614435e+00 -2.704574647751301075e+00
-2.748272547095417795e-01 -4.017034004570785299e-01 1.071371303293594673e-01 -2.645715523867670171e+00 2.031672665304426473e-01 2.581318878195388855e+00 -2.704384661902444087e+00
-2.754097998743360587e-01 -4.018409092302368535e-01 1.078145137668107822e-01 -2.645788562223455376e+00 2.034585274315625081e-01 2.581311356147630853e+00 -2.704190928919552039e+00
-2.760034658267733754e-01 -4.019810430459803685e-01 1.085048284546029085e-01 -2.645862994881508445e+00 2.037553485035082934e-01 2.581303690503975012e+00 -2.703993497573868421e+00
-2.766081031146249147e-01 -4.021237666263702271e-01 1.092079006097047833e-01 -2.645938803103806247e+00 2.040576550231624486e-01 2.581295883194206553e+00 -2.703792417567677742e+00
-2.772235595236869354e-01 -4.022690440415084279e-01 1.099235532374612523e-01 -2.646015967806033320e+00 2.043653708864753005e-01 2.581287936183774168e+00 -2.703587739521796873e+00
-2.778496801160997287e-01 -4.024168387185825257e-01 1.106516061761503855e-01 -2.646094469562389584e+00 2.046784186276238704e-01 2.581279851473294862e+00 -2.703379514962829244e+00
-2.784863072693525288e-01 -4.025671134510730442e-01 1.113918761423383086e-01 -2.646174288610477099e+00 2.049967194385133862e-01 2.581271631098051245e+00 -2.703167796310193882e+00
-2.791332807159639939e-01 -4.027198304081195945e-01 1.121441767770198494e-01 -2.646255404856276972e+00 2.053201931886169118e-01 2.581263277127478606e+00 -2.702952636862929303e+00
-2.797904375838288771e-01 -4.028749511440449793e-01 1.129083186925333021e-01 -2.646337797879209308e+00 2.056487584451477391e-01 2.581254791664645332e+00 -2.702734090786275800e+00
-2.804576124372198942e-01 -4.030324366080335063e-01 1.136841095202378998e-01 -2.646421446937269994e+00 2.059823324935596001e-01 2.581246176845720441e+00 -2.702512213098039240e+00
-2.811346373184356318e-01 -4.031922471539617914e-01 1.144713539589414936e-01 -2.646506330972256738e+00 2.063208313583696774e-01 2.581237434839438460e+00 -2.702287059654741697e+00
-2.818213417900827800e-01 -4.033543425503794966e-01 1.152698538240666259e-01 -2.646592428615067050e+00 2.066641698242989711e-01 2.581228567846553634e+00 -2.702058687137557591e+00
-2.825175529779829775e-01 -4.035186819906374511e-01 1.160794080975424275e-01 -2.646679718191080610e+00 2.070122614577247777e-01 2.581219578099283041e+00 -2.701827153038047769e+00
-2.832230956146928325e-01 -4.036852241031604338e-01 1.168998129784098589e-01 -2.646768177725612681e+00 2.073650186284398955e-01 2.581210467860747482e+00 -2.701592515643683079e+00
-2.839377920836265723e-01 -4.038539269618621752e-01 1.177308619341274620e-01 -2.646857784949448789e+00 2.077223525317130060e-01 2.581201239424401717e+00 -2.701354834023173002e+00
-2.846614624637701652e-01 -4.040247480967002480e-01 1.185723457525648949e-01 -2.646948517304449577e+00 2.080841732106449571e-01 2.581191895113454482e+00 -2.701114168011593986e+00
-2.853939245749754217e-01 -4.041976445043674038e-01 1.194240525946708986e-01 -2.647040351949229819e+00 2.084503895788147043e-01 2.581182437280286290e+00 -2.700870578195327720e+00
-2.861349940238229195e-01 -4.043725726591176906e-01 1.202857680478026936e-01 -2.647133265764908927e+00 2.088209094432100232e-01 2.581172868305856127e+00 -2.700624125896808003e+00
-2.868844842500419268e-01 -4.045494885237235216e-01 1.211572751797031777e-01 -2.647227235360930742e+00 2.091956395274364722e-01 2.581163190599101931e+00 -2.700374873159082423e+00
-2.876422065734760558e-01 -4.047283475605621961e-01 1.220383545931125330e-01 -2.647322237080951712e+00 2.095744854951993585e-01 2.581153406596334410e+00 -2.700122882730195517e+00
-2.884079702415825452e-01 -4.049091047428275969e-01 1.229287844810001973e-01 -2.647418247008797021e+00 2.099573519740522143e-01 2.581143518760624644e+00 -2.699868218047389856e+00
-2.891815824774530141e-01 -4.050917145658657903e-01 1.238283406824036981e-01 -2.647515240974481099e+00 2.103441425794065067e-01 2.581133529581182362e+00 -2.699610943221137038e+00
-2.899628485283441970e-01 -4.052761310586303622e-01 1.247367967388599286e-01 -2.647613194560290761e+00 2.107347599387957571e-01 2.581123441572729327e+00 -2.699351123018999488e+00
-2.907515717147058365e-01 -4.054623077952554944e-01 1.256539239514148920e-01 -2.647712083106935843e+00 2.111291057163887097e-01 2.581113257274867845e+00 -2.699088822849322611e+00
-2.915475534796935220e-01 -4.056501979067432817e-01 1.265794914381973835e-01 -2.647811881719752680e+00 2.115270806377446966e-01 2.581102979251441276e+00 -2.698824108744772854e+00
-2.923505934391547600e-01 -4.058397540927630165e-01 1.275132661925422739e-01 -2.647912565274974650e+00 2.119285845148055070e-01 2.581092610089886108e+00 -2.698557047345709226e+00
-2.931604894320741783e-01 -4.060309286335585521e-01 1.284550131416488106e-01 -2.648014108426055113e+00 2.123335162711172952e-01 2.581082152400584029e+00 -2.698287705883410936e+00
-2.939770375714667039e-01 -4.062236734019616380e-01 1.294044952057587516e-01 -2.648116485610048976e+00 2.127417739672758379e-01 2.581071608816202012e+00 -2.698016152163151382e+00
-2.948000322957048391e-01 -4.064179398755075057e-01 1.303614733578400686e-01 -2.648219671054047097e+00 2.131532548265893945e-01 2.581060981991031067e+00 -2.697742454547126467e+00
-2.956292664202680442e-01 -4.066136791486503754e-01 1.313257066837606180e-01 -2.648323638781665768e+00 2.135678552609521219e-01 2.581050274600317440e+00 -2.697466681937248367e+00
-2.964645311898999602e-01 -4.068108419450749413e-01 1.322969524429370991e-01 -2.648428362619586363e+00 2.139854708969218811e-01 2.581039489339589821e+00 -2.697188903757796297e+00
-2.973056163311615929e-01 -4.070093786301016703e-01 1.332749661294436450e-01 -2.648533816204142077e+00 2.144059966019955799e-01 2.581028628923979884e+00 -2.696909189937941598e+00
-2.981523101053665803e-01 -4.072092392231818070e-01 1.342595015335648068e-01 -2.648639972987957059e+00 2.148293265110758909e-01 2.581017696087538837e+00 -2.696627610894142268e+00
-2.990043993618851648e-01 -4.074103734104798091e-01 1.352503108037776680e-01 -2.648746806246628616e+00 2.152553540531219889e-01 2.581006693582549971e+00 -2.696344237512417141e+00
-2.998616695918037145e-01 -4.076127305575396598e-01 1.362471445091470446e-01 -2.648854289085455171e+00 2.156839719779785058e-01 2.580995624178835435e+00 -2.696059141130499714e+00
-3.007239049819264154e-01 -4.078162597220317265e-01 1.372497517021184499e-01 -2.648962394446207291e+00 2.161150723833749898e-01 2.580984490663057684e+00 -2.695772393519879184e+00
-3.015908884691047565e-01 -4.080209096665772806e-01 1.382578799816927273e-01 -2.649071095113937790e+00 2.165485467420897869e-01 2.580973295838020487e+00 -2.695484066867733119e+00
-3.024624017948822630e-01 -4.082266288716472347e-01 1.392712755569666949e-01 -2.649180363723835363e+00 2.169842859292712145e-01 2.580962042521961042e+00 -2.695194233758754443e+00
-3.033382255604398781e-01 -4.084333655485318237e-01 1.402896833110237051e-01 -2.649290172768111962e+00 2.174221802499091416e-01 2.580950733547841214e+00 -2.694902967156878493e+00
-3.042181392818281704e-01 -4.086410676523781760e-01 1.413128468651578262e-01 -2.649400494602927481e+00 2.178621194664500660e-01 2.580939371762634771e+00 -2.694610340386914160e+00
-3.051019214454734341e-01 -4.088496828952924433e-01 1.423405086434159639e-01 -2.649511301455350409e+00 2.183039928265489149e-01 2.580927960026610624e+00 -2.694316427116086654e+00
-3.059893495639421923e-01 -4.090591587595028278e-01 1.433724099374410754e-01 -2.649622565430347798e+00 2.187476890909502980e-01 2.580916501212612069e+00 -2.694021301335489671e+00
-3.068802002319513944e-01 -4.092694425105807277e-01 1.444082909716007945e-01 -2.649734258517808971e+00 2.191930965614924676e-01 2.580904998205334255e+00 -2.693725037341459849e+00
-3.077742491826093718e-01 -4.094804812107163960e-01 1.454478909683843413e-01 -2.649846352599596777e+00 2.196401031092266309e-01 2.580893453900598100e+00 -2.693427709716874396e+00
-3.086712713438739542e-01 -4.096922217320455584e-01 1.464909482140520913e-01 -2.649958819456625481e+00 2.200885962026448428e-01 2.580881871204620204e+00 -2.693129393312371445e+00
-3.095710408952130899e-01 -4.099046107700244357e-01 1.475372001245204567e-01 -2.650071630775965303e+00 2.205384629360093163e-01 2.580870253033282324e+00 -2.692830163227511786e+00
-3.104733313244540382e-01 -4.101175948568483998e-01 1.485863833114660637e-01 -2.650184758157969611e+00 2.209895900577756589e-01 2.580858602311397298e+00 -2.692530094791868223e+00
-3.113779154848063668e-01 -4.103311203749126501e-01 1.496382336486323517e-01 -2.650298173123425194e+00 2.214418639991034832e-01 2.580846921971971408e+00 -2.692229263546065177e+00
-3.122845656520452651e-01 -4.105451335703098614e-01 1.506924863383219959e-01 -2.650411847120721198e+00 2.218951709024467311e-01 2.580835214955468526e+00 -2.691927745222759238e+00
-3.131930535818396311e-01 -4.107595805663626365e-01 1.517488759780581953e-01 -2.650525751533036267e+00 2.223493966502166630e-01 2.580823484209067153e+00 -2.691625615727577081e+00
-3.141031505672115531e-01 -4.109744073771864903e-01 1.528071366273985598e-01 -2.650639857685543888e+00 2.228044268935103212e-01 2.580811732685919235e+00 -2.691322951120002749e+00
-3.150146274961118653e-01 -4.111895599212805896e-01 1.538670018748838075e-01 -2.650754136852630616e+00 2.232601470808973920e-01 2.580799963344408976e+00 -2.691019827594232083e+00
-3.159272549090981208e-01 -4.114049840351426401e-01 1.549282049051058652e-01 -2.650868560265126739e+00 2.237164424872577495e-01 2.580788179147404549e+00 -2.690716321459992955e+00
-3.168408030570995515e-01 -4.116206254869039238e-01 1.559904785658769166e-01 -2.650983099117550701e+00 2.241731982426630188e-01 2.580776383061514689e+00 -2.690412509123330409e+00
-3.177550419592554132e-01 -4.118364299899822112e-01 1.570535554354835772e-01 -2.651097724575358416e+00 2.246302993612943610e-01 2.580764578056340408e+00 -2.690108467067375830e+00
-3.186697414608111179e-01 -4.120523432167478850e-01 1.581171678900090416e-01 -2.651212407782204572e+00 2.250876307703896240e-01 2.580752767103729806e+00 -2.689804271833091232e+00
-3.195846712910587750e-01 -4.122683108122007778e-01 1.591810481707058023e-01 -2.651327119867204374e+00 2.255450773392123076e-01 2.580740953177025787e+00 -2.689499999999999780e+00
