0.000000000000000000e+00 -9.238795325112867385e-01 3.826834323650897818e-01 -0.000000000000000000e+00
1.596944122085642292e-01 1.871711201662830115e-01 9.632542556645835585e-01 1.077307079208599111e-01
1.439530978820428297e-01 1.437158197961525483e-02 9.795558570223055206e-01 1.397901506360973156e-01
1.249439683030364595e-01 -1.422445262868988203e-01 9.674321841932622679e-01 1.680192504243486762e-01
1.016213713939992935e-01 -2.828194376426942380e-01 9.346992725658023193e-01 1.897986628836811351e-01
7.404823731876805648e-02 -4.123549893316487136e-01 8.849657301952381649e-01 2.032630751102821598e-01
4.311611169844131036e-02 -5.361638150579732809e-01 8.170151915713090851e-01 2.077391178285486750e-01
1.014260131233257929e-02 -6.569706768066234659e-01 7.257391572418434578e-01 2.039346294790692071e-01
-2.359652827910967837e-02 -7.721391415380040035e-01 6.046612944906656351e-01 1.939821355254124635e-01
-5.737934529706806980e-02 -8.716869620979103006e-01 4.518323024733794102e-01 1.808784710334568613e-01
-9.105656477076978783e-02 -9.418923783652929371e-01 2.769326876615584299e-01 1.669003777529103894e-01
-1.240693173519999415e-01 -9.755226814195770979e-01 9.909597586444776618e-02 1.521259021180809690e-01
-1.545562947136386311e-01 -9.764872655165233173e-01 -6.613399521141086201e-02 1.349491264359673759e-01
-1.798566936701727903e-01 -9.532987531979010276e-01 -2.142733569585291709e-01 1.138419316029178896e-01
-1.976428733068330001e-01 -9.119269964885355906e-01 -3.486045184071868142e-01 8.832518017253507270e-02
-2.066145289805405849e-01 -8.535133942026260634e-01 -4.747138003465017908e-01 5.892478333811772967e-02
-2.067702196788964442e-01 -7.747144045987045535e-01 -5.969468685894260274e-01 2.679745589593037283e-02
1.995459539545549610e-01 6.692493767351248568e-01 7.157107459701754770e-01 6.694184254152527741e-03
1.876413860927305388e-01 5.319333656579381397e-01 8.247408708258167076e-01 4.049815692708694931e-02
1.739365039373137745e-01 3.660341999908546806e-01 9.111824230423581916e-01 7.424048069467670263e-02
1.596944122085641737e-01 1.871711201662831781e-01 9.632542556645834475e-01 1.077307079208598556e-01
