4.340900974233026788e-01 6.187184335382290429e-02 5.000000000000000000e-01
3.359946714288900016e-01 -1.156292220383526026e-01 3.997256220919322978e-01
3.774024010442493804e-01 -1.534994688030135446e-01 4.002814273155372859e-01
4.253981739828067710e-01 -1.763751274152573212e-01 4.008990049406862544e-01
4.766583100956108821e-01 -1.818745759726957678e-01 4.013249313415974129e-01
5.267195532839282768e-01 -1.681638653282053475e-01 4.014005032162996089e-01
5.699349807245500665e-01 -1.352544751902682030e-01 4.010988462459056381e-01
6.002984358414309440e-01 -8.591911530205477432e-02 4.005295184978966971e-01
6.128542160527238325e-01 -2.607240286713337352e-02 3.999166846568432132e-01
6.056815076148520660e-01 3.589916126841866811e-02 3.995294014000956850e-01
5.811959666357561227e-01 9.175006436857913172e-02 3.995540578625167982e-01
5.443176225858050721e-01 1.363002916395073538e-01 3.999783859644827633e-01
4.992327751819403137e-01 1.669577380080858875e-01 4.005997802881743897e-01
4.491338722118872750e-01 1.814405516492885173e-01 4.011487156691342371e-01
3.978292154329771124e-01 1.774762023748282513e-01 4.014114434542147003e-01
3.504365498591138217e-01 1.540078151888175650e-01 4.012930830717221231e-01
3.129214155854878054e-01 1.123438463259222586e-01 4.008358071998371908e-01
2.909814347326662443e-01 5.682334872531952241e-02 4.002115097056598292e-01
2.883178229044381369e-01 -5.209826653902571714e-03 3.996795330152653203e-01
3.046910748128884849e-01 -6.500093999525453914e-02 3.994856554945509508e-01
3.359946714288899461e-01 -1.156292220383525748e-01 3.997256220919322978e-01
